0.000000	0.000000
0.010000	0.000000
0.020000	0.000000
0.030000	0.000000
0.040000	0.000000
0.050000	0.000000
0.060000	0.000000
0.070000	0.000000
0.080000	0.000000
0.090000	0.000000
0.100000	0.000001
0.110000	0.000001
0.120000	0.000002
0.130000	0.000005
0.140000	0.000009
0.150000	0.000018
0.160000	0.000035
0.170000	0.000065
0.180000	0.000120
0.190000	0.000218
0.200000	0.000385
0.210000	0.000669
0.220000	0.001139
0.230000	0.001900
0.240000	0.003106
0.250000	0.004977
0.260000	0.007818
0.270000	0.012034
0.280000	0.018158
0.290000	0.026852
0.300000	0.038920
0.310000	0.055291
0.320000	0.076986
0.330000	0.105062
0.340000	0.140527
0.350000	0.184226
0.360000	0.236711
0.370000	0.298101
0.380000	0.367947
0.390000	0.445127
0.400000	0.527788
0.410000	0.613355
0.420000	0.698620
0.430000	0.779917
0.440000	0.853366
0.450000	0.915171
0.460000	0.961949
0.470000	0.991028
0.480000	1.000709
0.490000	0.990422
0.500000	0.960789
0.510000	0.913559
0.520000	0.851435
0.530000	0.777822
0.540000	0.696517
0.550000	0.611386
0.560000	0.526070
0.570000	0.443741
0.580000	0.366936
0.590000	0.297469
0.600000	0.236432
0.610000	0.184250
0.620000	0.140790
0.630000	0.105495
0.640000	0.077521
0.650000	0.055870
0.660000	0.039495
0.670000	0.027389
0.680000	0.018635
0.690000	0.012440
0.700000	0.008151
0.710000	0.005241
0.720000	0.003309
0.730000	0.002051
0.740000	0.001249
0.750000	0.000747
0.760000	0.000439
0.770000	0.000253
0.780000	0.000144
0.790000	0.000080
0.800000	0.000044
0.810000	0.000024
0.820000	0.000013
0.830000	0.000007
0.840000	0.000003
0.850000	0.000002
0.860000	0.000001
0.870000	0.000000
0.880000	0.000000
0.890000	0.000000
0.900000	0.000000
0.910000	0.000000
0.920000	0.000000
0.930000	0.000000
0.940000	0.000000
0.950000	0.000000
0.960000	0.000000
0.970000	0.000000
0.980000	0.000000
0.990000	0.000000
0.000000	0.000000
0.010000	0.000000
0.020000	0.000000
0.030000	0.000000
0.040000	0.000000
0.050000	0.000000
0.060000	0.000000
0.070000	0.000000
0.080000	0.000000
0.090000	0.000001
0.100000	0.000001
0.110000	0.000002
0.120000	0.000005
0.130000	0.000009
0.140000	0.000018
0.150000	0.000035
0.160000	0.000065
0.170000	0.000120
0.180000	0.000217
0.190000	0.000385
0.200000	0.000668
0.210000	0.001137
0.220000	0.001896
0.230000	0.003100
0.240000	0.004968
0.250000	0.007803
0.260000	0.012013
0.270000	0.018127
0.280000	0.026809
0.290000	0.038862
0.300000	0.055213
0.310000	0.076887
0.320000	0.104940
0.330000	0.140382
0.340000	0.184063
0.350000	0.236537
0.360000	0.297927
0.370000	0.367790
0.380000	0.445008
0.390000	0.527728
0.400000	0.613378
0.410000	0.698748
0.420000	0.780163
0.430000	0.853734
0.440000	0.915654
0.450000	0.962525
0.460000	0.991662
0.470000	1.001355
0.480000	0.991028
0.490000	0.961302
0.500000	0.913931
0.510000	0.851631
0.520000	0.777822
0.530000	0.696321
0.540000	0.611014
0.550000	0.525557
0.560000	0.443135
0.570000	0.366289
0.580000	0.296835
0.590000	0.235856
0.600000	0.183768
0.610000	0.140422
0.620000	0.105250
0.630000	0.077394
0.640000	0.055846
0.650000	0.039555
0.660000	0.027509
0.670000	0.018792
0.680000	0.012614
0.690000	0.008325
0.700000	0.005405
0.710000	0.003453
0.720000	0.002173
0.730000	0.001348
0.740000	0.000824
0.750000	0.000497
0.760000	0.000296
0.770000	0.000174
0.780000	0.000101
0.790000	0.000058
0.800000	0.000033
0.810000	0.000019
0.820000	0.000010
0.830000	0.000006
0.840000	0.000003
0.850000	0.000002
0.860000	0.000001
0.870000	0.000000
0.880000	0.000000
0.890000	0.000000
0.900000	0.000000
0.910000	0.000000
0.920000	0.000000
0.930000	0.000000
0.940000	0.000000
0.950000	0.000000
0.960000	0.000000
0.970000	0.000000
0.980000	0.000000
0.990000	0.000000
0.000000	0.000000
0.010000	0.000000
0.020000	0.000000
0.030000	0.000000
0.040000	0.000000
0.050000	0.000000
0.060000	0.000000
0.070000	0.000000
0.080000	0.000001
0.090000	0.000001
0.100000	0.000002
0.110000	0.000005
0.120000	0.000009
0.130000	0.000018
0.140000	0.000035
0.150000	0.000065
0.160000	0.000120
0.170000	0.000217
0.180000	0.000384
0.190000	0.000667
0.200000	0.001136
0.210000	0.001895
0.220000	0.003098
0.230000	0.004964
0.240000	0.007797
0.250000	0.012004
0.260000	0.018113
0.270000	0.026788
0.280000	0.038831
0.290000	0.055170
0.300000	0.076828
0.310000	0.104862
0.320000	0.140283
0.330000	0.183940
0.340000	0.236392
0.350000	0.297764
0.360000	0.367616
0.370000	0.444834
0.380000	0.527571
0.390000	0.613259
0.400000	0.698688
0.410000	0.780187
0.420000	0.853861
0.430000	0.915900
0.440000	0.962893
0.450000	0.992145
0.460000	1.001931
0.470000	0.991662
0.480000	0.961949
0.490000	0.914537
0.500000	0.852144
0.510000	0.778194
0.520000	0.696517
0.530000	0.611014
0.540000	0.525362
0.550000	0.442763
0.560000	0.365776
0.570000	0.296229
0.580000	0.235210
0.590000	0.183134
0.600000	0.139847
0.610000	0.104767
0.620000	0.077026
0.630000	0.055601
0.640000	0.039428
0.650000	0.027485
0.660000	0.018851
0.670000	0.012734
0.680000	0.008482
0.690000	0.005579
0.700000	0.003628
0.710000	0.002336
0.720000	0.001492
0.730000	0.000946
0.740000	0.000597
0.750000	0.000374
0.760000	0.000233
0.770000	0.000145
0.780000	0.000089
0.790000	0.000054
0.800000	0.000033
0.810000	0.000020
0.820000	0.000012
0.830000	0.000007
0.840000	0.000004
0.850000	0.000002
0.860000	0.000001
0.870000	0.000001
0.880000	0.000000
0.890000	0.000000
0.900000	0.000000
0.910000	0.000000
0.920000	0.000000
0.930000	0.000000
0.940000	0.000000
0.950000	0.000000
0.960000	0.000000
0.970000	0.000000
0.980000	0.000000
0.990000	0.000000
0.000000	0.000000
0.010000	0.000000
0.020000	0.000000
0.030000	0.000000
0.040000	0.000000
0.050000	0.000000
0.060000	0.000000
0.070000	0.000001
0.080000	0.000001
0.090000	0.000002
0.100000	0.000005
0.110000	0.000009
0.120000	0.000018
0.130000	0.000035
0.140000	0.000065
0.150000	0.000120
0.160000	0.000217
0.170000	0.000384
0.180000	0.000667
0.190000	0.001136
0.200000	0.001894
0.210000	0.003097
0.220000	0.004963
0.230000	0.007795
0.240000	0.012000
0.250000	0.018107
0.260000	0.026778
0.270000	0.038817
0.280000	0.055149
0.290000	0.076797
0.300000	0.104819
0.310000	0.140225
0.320000	0.183863
0.330000	0.236293
0.340000	0.297642
0.350000	0.367471
0.360000	0.444670
0.370000	0.527397
0.380000	0.613085
0.390000	0.698531
0.400000	0.780067
0.410000	0.853802
0.420000	0.915923
0.430000	0.963020
0.440000	0.992390
0.450000	1.002299
0.460000	0.992145
0.470000	0.962525
0.480000	0.915171
0.490000	0.852790
0.500000	0.778801
0.510000	0.697030
0.520000	0.611386
0.530000	0.525557
0.540000	0.442763
0.550000	0.365581
0.560000	0.295857
0.570000	0.234697
0.580000	0.182527
0.590000	0.139200
0.600000	0.104133
0.610000	0.076450
0.620000	0.055118
0.630000	0.039060
0.640000	0.027240
0.650000	0.018724
0.660000	0.012710
0.670000	0.008542
0.680000	0.005698
0.690000	0.003785
0.700000	0.002510
0.710000	0.001667
0.720000	0.001110
0.730000	0.000741
0.740000	0.000496
0.750000	0.000332
0.760000	0.000222
0.770000	0.000148
0.780000	0.000098
0.790000	0.000064
0.800000	0.000041
0.810000	0.000026
0.820000	0.000016
0.830000	0.000010
0.840000	0.000006
0.850000	0.000004
0.860000	0.000002
0.870000	0.000001
0.880000	0.000001
0.890000	0.000000
0.900000	0.000000
0.910000	0.000000
0.920000	0.000000
0.930000	0.000000
0.940000	0.000000
0.950000	0.000000
0.960000	0.000000
0.970000	0.000000
0.980000	0.000000
0.990000	0.000000
0.000000	0.000000
0.010000	0.000000
0.020000	0.000000
0.030000	0.000000
0.040000	0.000000
0.050000	0.000000
0.060000	0.000001
0.070000	0.000001
0.080000	0.000002
0.090000	0.000005
0.100000	0.000009
0.110000	0.000018
0.120000	0.000035
0.130000	0.000065
0.140000	0.000120
0.150000	0.000217
0.160000	0.000384
0.170000	0.000667
0.180000	0.001136
0.190000	0.001894
0.200000	0.003097
0.210000	0.004962
0.220000	0.007794
0.230000	0.011999
0.240000	0.018104
0.250000	0.026775
0.260000	0.038811
0.270000	0.055140
0.280000	0.076783
0.290000	0.104798
0.300000	0.140194
0.310000	0.183820
0.320000	0.236234
0.330000	0.297564
0.340000	0.367372
0.350000	0.444548
0.360000	0.527252
0.370000	0.612921
0.380000	0.698356
0.390000	0.779893
0.400000	0.853645
0.410000	0.915804
0.420000	0.962961
0.430000	0.992414
0.440000	1.002426
0.450000	0.992390
0.460000	0.962893
0.470000	0.915654
0.480000	0.853366
0.490000	0.779435
0.500000	0.697676
0.510000	0.611992
0.520000	0.526070
0.530000	0.443135
0.540000	0.365776
0.550000	0.295857
0.560000	0.234501
0.570000	0.182155
0.580000	0.138687
0.590000	0.103527
0.600000	0.075804
0.610000	0.054484
0.620000	0.038484
0.630000	0.026757
0.640000	0.018356
0.650000	0.012465
0.660000	0.008414
0.670000	0.005675
0.680000	0.003845
0.690000	0.002630
0.700000	0.001824
0.710000	0.001284
0.720000	0.000916
0.730000	0.000659
0.740000	0.000477
0.750000	0.000344
0.760000	0.000247
0.770000	0.000175
0.780000	0.000122
0.790000	0.000084
0.800000	0.000057
0.810000	0.000037
0.820000	0.000024
0.830000	0.000015
0.840000	0.000010
0.850000	0.000006
0.860000	0.000003
0.870000	0.000002
0.880000	0.000001
0.890000	0.000001
0.900000	0.000000
0.910000	0.000000
0.920000	0.000000
0.930000	0.000000
0.940000	0.000000
0.950000	0.000000
0.960000	0.000000
0.970000	0.000000
0.980000	0.000000
0.990000	0.000000
0.000000	0.000000
0.010000	0.000000
0.020000	0.000000
0.030000	0.000000
0.040000	0.000000
0.050000	0.000001
0.060000	0.000001
0.070000	0.000002
0.080000	0.000005
0.090000	0.000009
0.100000	0.000018
0.110000	0.000035
0.120000	0.000065
0.130000	0.000120
0.140000	0.000217
0.150000	0.000384
0.160000	0.000667
0.170000	0.001136
0.180000	0.001894
0.190000	0.003097
0.200000	0.004962
0.210000	0.007794
0.220000	0.011998
0.230000	0.018104
0.240000	0.026773
0.250000	0.038808
0.260000	0.055136
0.270000	0.076777
0.280000	0.104789
0.290000	0.140179
0.300000	0.183798
0.310000	0.236204
0.320000	0.297521
0.330000	0.367314
0.340000	0.444471
0.350000	0.527153
0.360000	0.612799
0.370000	0.698212
0.380000	0.779730
0.390000	0.853470
0.400000	0.915630
0.410000	0.962803
0.420000	0.992294
0.430000	1.002367
0.440000	0.992414
0.450000	0.963020
0.460000	0.915900
0.470000	0.853734
0.480000	0.779917
0.490000	0.698252
0.500000	0.612626
0.510000	0.526717
0.520000	0.443741
0.530000	0.366289
0.540000	0.296229
0.550000	0.234697
0.560000	0.182155
0.570000	0.138492
0.580000	0.103155
0.590000	0.075291
0.600000	0.053878
0.610000	0.037837
0.620000	0.026123
0.630000	0.017780
0.640000	0.011982
0.650000	0.008046
0.660000	0.005429
0.670000	0.003717
0.680000	0.002606
0.690000	0.001883
0.700000	0.001403
0.710000	0.001073
0.720000	0.000833
0.730000	0.000651
0.740000	0.000507
0.750000	0.000391
0.760000	0.000297
0.770000	0.000222
0.780000	0.000162
0.790000	0.000115
0.800000	0.000081
0.810000	0.000055
0.820000	0.000037
0.830000	0.000024
0.840000	0.000015
0.850000	0.000009
0.860000	0.000006
0.870000	0.000003
0.880000	0.000002
0.890000	0.000001
0.900000	0.000001
0.910000	0.000000
0.920000	0.000000
0.930000	0.000000
0.940000	0.000000
0.950000	0.000000
0.960000	0.000000
0.970000	0.000000
0.980000	0.000000
0.990000	0.000000
0.000000	0.000000
0.010000	0.000000
0.020000	0.000000
0.030000	0.000000
0.040000	0.000001
0.050000	0.000001
0.060000	0.000002
0.070000	0.000005
0.080000	0.000009
0.090000	0.000018
0.100000	0.000035
0.110000	0.000065
0.120000	0.000120
0.130000	0.000217
0.140000	0.000384
0.150000	0.000667
0.160000	0.001136
0.170000	0.001894
0.180000	0.003097
0.190000	0.004962
0.200000	0.007794
0.210000	0.011998
0.220000	0.018103
0.230000	0.026773
0.240000	0.038807
0.250000	0.055134
0.260000	0.076775
0.270000	0.104785
0.280000	0.140173
0.290000	0.183789
0.300000	0.236189
0.310000	0.297500
0.320000	0.367283
0.330000	0.444428
0.340000	0.527094
0.350000	0.612722
0.360000	0.698113
0.370000	0.779608
0.380000	0.853326
0.390000	0.915466
0.400000	0.962629
0.410000	0.992120
0.420000	1.002210
0.430000	0.992294
0.440000	0.962961
0.450000	0.915923
0.460000	0.853861
0.470000	0.780163
0.480000	0.698620
0.490000	0.613109
0.500000	0.527292
0.510000	0.444375
0.520000	0.366936
0.530000	0.296835
0.540000	0.235210
0.550000	0.182527
0.560000	0.138687
0.570000	0.103155
0.580000	0.075095
0.590000	0.053506
0.600000	0.037324
0.610000	0.025517
0.620000	0.017134
0.630000	0.011348
0.640000	0.007471
0.650000	0.004947
0.660000	0.003349
0.670000	0.002361
0.680000	0.001756
0.690000	0.001380
0.700000	0.001132
0.710000	0.000953
0.720000	0.000808
0.730000	0.000681
0.740000	0.000566
0.750000	0.000460
0.760000	0.000366
0.770000	0.000284
0.780000	0.000215
0.790000	0.000158
0.800000	0.000114
0.810000	0.000080
0.820000	0.000055
0.830000	0.000036
0.840000	0.000024
0.850000	0.000015
0.860000	0.000009
0.870000	0.000006
0.880000	0.000003
0.890000	0.000002
0.900000	0.000001
0.910000	0.000001
0.920000	0.000000
0.930000	0.000000
0.940000	0.000000
0.950000	0.000000
0.960000	0.000000
0.970000	0.000000
0.980000	0.000000
0.990000	0.000000
0.000000	0.000000
0.010000	0.000000
0.020000	0.000000
0.030000	0.000001
0.040000	0.000001
0.050000	0.000002
0.060000	0.000005
0.070000	0.000009
0.080000	0.000018
0.090000	0.000035
0.100000	0.000065
0.110000	0.000120
0.120000	0.000217
0.130000	0.000384
0.140000	0.000667
0.150000	0.001136
0.160000	0.001894
0.170000	0.003097
0.180000	0.004962
0.190000	0.007794
0.200000	0.011998
0.210000	0.018103
0.220000	0.026773
0.230000	0.038807
0.240000	0.055134
0.250000	0.076774
0.260000	0.104784
0.270000	0.140171
0.280000	0.183785
0.290000	0.236183
0.300000	0.297491
0.310000	0.367268
0.320000	0.444406
0.330000	0.527064
0.340000	0.612679
0.350000	0.698054
0.360000	0.779530
0.370000	0.853227
0.380000	0.915344
0.390000	0.962484
0.400000	0.991957
0.410000	1.002035
0.420000	0.992120
0.430000	0.962803
0.440000	0.915804
0.450000	0.853802
0.460000	0.780187
0.470000	0.698748
0.480000	0.613355
0.490000	0.527660
0.500000	0.444858
0.510000	0.367511
0.520000	0.297469
0.530000	0.235856
0.540000	0.183134
0.550000	0.139200
0.560000	0.103527
0.570000	0.075291
0.580000	0.053506
0.590000	0.037129
0.600000	0.025144
0.610000	0.016621
0.620000	0.010742
0.630000	0.006824
0.640000	0.004313
0.650000	0.002773
0.660000	0.001878
0.670000	0.001388
0.680000	0.001134
0.690000	0.001005
0.700000	0.000929
0.710000	0.000868
0.720000	0.000801
0.730000	0.000723
0.740000	0.000634
0.750000	0.000540
0.760000	0.000447
0.770000	0.000359
0.780000	0.000280
0.790000	0.000213
0.800000	0.000157
0.810000	0.000113
0.820000	0.000080
0.830000	0.000054
0.840000	0.000036
0.850000	0.000024
0.860000	0.000015
0.870000	0.000009
0.880000	0.000006
0.890000	0.000003
0.900000	0.000002
0.910000	0.000001
0.920000	0.000001
0.930000	0.000000
0.940000	0.000000
0.950000	0.000000
0.960000	0.000000
0.970000	0.000000
0.980000	0.000000
0.990000	0.000000
0.000000	0.000000
0.010000	0.000000
0.020000	0.000000
0.030000	0.000001
0.040000	0.000002
0.050000	0.000005
0.060000	0.000009
0.070000	0.000018
0.080000	0.000035
0.090000	0.000065
0.100000	0.000120
0.110000	0.000217
0.120000	0.000384
0.130000	0.000667
0.140000	0.001136
0.150000	0.001894
0.160000	0.003097
0.170000	0.004962
0.180000	0.007794
0.190000	0.011998
0.200000	0.018103
0.210000	0.026773
0.220000	0.038807
0.230000	0.055134
0.240000	0.076774
0.250000	0.104783
0.260000	0.140170
0.270000	0.183784
0.280000	0.236181
0.290000	0.297487
0.300000	0.367262
0.310000	0.444397
0.320000	0.527049
0.330000	0.612657
0.340000	0.698023
0.350000	0.779487
0.360000	0.853168
0.370000	0.915267
0.380000	0.962385
0.390000	0.991835
0.400000	1.001891
0.410000	0.991957
0.420000	0.962629
0.430000	0.915630
0.440000	0.853645
0.450000	0.780067
0.460000	0.698688
0.470000	0.613378
0.480000	0.527788
0.490000	0.445104
0.500000	0.367879
0.510000	0.297952
0.520000	0.236432
0.530000	0.183768
0.540000	0.139847
0.550000	0.104133
0.560000	0.075804
0.570000	0.053878
0.580000	0.037324
0.590000	0.025144
0.600000	0.016425
0.610000	0.010370
0.620000	0.006311
0.630000	0.003706
0.640000	0.002127
0.650000	0.001244
0.660000	0.000812
0.670000	0.000651
0.680000	0.000637
0.690000	0.000684
0.700000	0.000740
0.710000	0.000777
0.720000	0.000783
0.730000	0.000754
0.740000	0.000698
0.750000	0.000621
0.760000	0.000534
0.770000	0.000443
0.780000	0.000357
0.790000	0.000279
0.800000	0.000212
0.810000	0.000157
0.820000	0.000113
0.830000	0.000079
0.840000	0.000054
0.850000	0.000036
0.860000	0.000024
0.870000	0.000015
0.880000	0.000009
0.890000	0.000006
0.900000	0.000003
0.910000	0.000002
0.920000	0.000001
0.930000	0.000001
0.940000	0.000000
0.950000	0.000000
0.960000	0.000000
0.970000	0.000000
0.980000	0.000000
0.990000	0.000000
0.000000	0.000000
0.010000	0.000000
0.020000	0.000001
0.030000	0.000002
0.040000	0.000005
0.050000	0.000009
0.060000	0.000018
0.070000	0.000035
0.080000	0.000065
0.090000	0.000120
0.100000	0.000217
0.110000	0.000384
0.120000	0.000667
0.130000	0.001136
0.140000	0.001894
0.150000	0.003097
0.160000	0.004962
0.170000	0.007794
0.180000	0.011998
0.190000	0.018103
0.200000	0.026773
0.210000	0.038807
0.220000	0.055134
0.230000	0.076774
0.240000	0.104783
0.250000	0.140170
0.260000	0.183784
0.270000	0.236180
0.280000	0.297486
0.290000	0.367260
0.300000	0.444393
0.310000	0.527043
0.320000	0.612648
0.330000	0.698009
0.340000	0.779466
0.350000	0.853137
0.360000	0.915224
0.370000	0.962327
0.380000	0.991758
0.390000	1.001792
0.400000	0.991835
0.410000	0.962484
0.420000	0.915466
0.430000	0.853470
0.440000	0.779893
0.450000	0.698531
0.460000	0.613259
0.470000	0.527728
0.480000	0.445127
0.490000	0.368007
0.500000	0.298197
0.510000	0.236800
0.520000	0.184250
0.530000	0.140422
0.540000	0.104767
0.550000	0.076450
0.560000	0.054484
0.570000	0.037837
0.580000	0.025517
0.590000	0.016621
0.600000	0.010370
0.610000	0.006115
0.620000	0.003334
0.630000	0.001614
0.640000	0.000638
0.650000	0.000166
0.660000	0.000017
0.670000	0.000061
0.680000	0.000201
0.690000	0.000372
0.700000	0.000532
0.710000	0.000655
0.720000	0.000730
0.730000	0.000757
0.740000	0.000741
0.750000	0.000691
0.760000	0.000617
0.770000	0.000532
0.780000	0.000443
0.790000	0.000357
0.800000	0.000279
0.810000	0.000212
0.820000	0.000157
0.830000	0.000113
0.840000	0.000079
0.850000	0.000054
0.860000	0.000036
0.870000	0.000024
0.880000	0.000015
0.890000	0.000009
0.900000	0.000006
0.910000	0.000003
0.920000	0.000002
0.930000	0.000001
0.940000	0.000001
0.950000	0.000000
0.960000	0.000000
0.970000	0.000000
0.980000	0.000000
0.990000	0.000000
0.000000	0.000000
0.010000	0.000001
0.020000	0.000002
0.030000	0.000005
0.040000	0.000009
0.050000	0.000018
0.060000	0.000035
0.070000	0.000065
0.080000	0.000120
0.090000	0.000217
0.100000	0.000384
0.110000	0.000667
0.120000	0.001136
0.130000	0.001894
0.140000	0.003097
0.150000	0.004962
0.160000	0.007794
0.170000	0.011998
0.180000	0.018103
0.190000	0.026773
0.200000	0.038807
0.210000	0.055134
0.220000	0.076773
0.230000	0.104783
0.240000	0.140170
0.250000	0.183783
0.260000	0.236180
0.270000	0.297485
0.280000	0.367259
0.290000	0.444392
0.300000	0.527041
0.310000	0.612644
0.320000	0.698003
0.330000	0.779456
0.340000	0.853123
0.350000	0.915202
0.360000	0.962296
0.370000	0.991714
0.380000	1.001733
0.390000	0.991758
0.400000	0.962385
0.410000	0.915344
0.420000	0.853326
0.430000	0.779730
0.440000	0.698356
0.450000	0.613085
0.460000	0.527571
0.470000	0.445008
0.480000	0.367947
0.490000	0.298221
0.500000	0.236928
0.510000	0.184496
0.520000	0.140790
0.530000	0.105250
0.540000	0.077026
0.550000	0.055118
0.560000	0.038484
0.570000	0.026123
0.580000	0.017134
0.590000	0.010742
0.600000	0.006311
0.610000	0.003334
0.620000	0.001418
0.630000	0.000266
0.640000	-0.000347
0.650000	-0.000589
0.660000	-0.000585
0.670000	-0.000433
0.680000	-0.000203
0.690000	0.000049
0.700000	0.000287
0.710000	0.000485
0.720000	0.000630
0.730000	0.000717
0.740000	0.000750
0.750000	0.000737
0.760000	0.000689
0.770000	0.000617
0.780000	0.000531
0.790000	0.000442
0.800000	0.000357
0.810000	0.000279
0.820000	0.000212
0.830000	0.000157
0.840000	0.000113
0.850000	0.000079
0.860000	0.000054
0.870000	0.000036
0.880000	0.000024
0.890000	0.000015
0.900000	0.000009
0.910000	0.000006
0.920000	0.000003
0.930000	0.000002
0.940000	0.000001
0.950000	0.000001
0.960000	0.000000
0.970000	0.000000
0.980000	0.000000
0.990000	0.000000
0.000000	0.000000
0.010000	0.000002
0.020000	0.000004
0.030000	0.000009
0.040000	0.000018
0.050000	0.000035
0.060000	0.000065
0.070000	0.000120
0.080000	0.000217
0.090000	0.000384
0.100000	0.000667
0.110000	0.001136
0.120000	0.001894
0.130000	0.003097
0.140000	0.004962
0.150000	0.007794
0.160000	0.011998
0.170000	0.018103
0.180000	0.026773
0.190000	0.038807
0.200000	0.055134
0.210000	0.076773
0.220000	0.104783
0.230000	0.140170
0.240000	0.183783
0.250000	0.236180
0.260000	0.297485
0.270000	0.367259
0.280000	0.444391
0.290000	0.527040
0.300000	0.612643
0.310000	0.698001
0.320000	0.779452
0.330000	0.853117
0.340000	0.915193
0.350000	0.962282
0.360000	0.991693
0.370000	1.001702
0.380000	0.991714
0.390000	0.962327
0.400000	0.915267
0.410000	0.853227
0.420000	0.779608
0.430000	0.698212
0.440000	0.612921
0.450000	0.527397
0.460000	0.444834
0.470000	0.367790
0.480000	0.298101
0.490000	0.236868
0.500000	0.184520
0.510000	0.140918
0.520000	0.105495
0.530000	0.077394
0.540000	0.055601
0.550000	0.039060
0.560000	0.026757
0.570000	0.017780
0.580000	0.011348
0.590000	0.006824
0.600000	0.003706
0.610000	0.001614
0.620000	0.000266
0.630000	-0.000543
0.640000	-0.000961
0.650000	-0.001098
0.660000	-0.001039
0.670000	-0.000850
0.680000	-0.000585
0.690000	-0.000289
0.700000	0.000002
0.710000	0.000262
0.720000	0.000471
0.730000	0.000623
0.740000	0.000713
0.750000	0.000748
0.760000	0.000736
0.770000	0.000688
0.780000	0.000616
0.790000	0.000531
0.800000	0.000442
0.810000	0.000357
0.820000	0.000279
0.830000	0.000212
0.840000	0.000157
0.850000	0.000113
0.860000	0.000079
0.870000	0.000054
0.880000	0.000036
0.890000	0.000024
0.900000	0.000015
0.910000	0.000009
0.920000	0.000006
0.930000	0.000003
0.940000	0.000002
0.950000	0.000001
0.960000	0.000001
0.970000	0.000000
0.980000	0.000000
0.990000	0.000000
0.000000	0.000000
0.010000	0.000004
0.020000	0.000009
0.030000	0.000018
0.040000	0.000034
0.050000	0.000065
0.060000	0.000120
0.070000	0.000217
0.080000	0.000384
0.090000	0.000667
0.100000	0.001136
0.110000	0.001894
0.120000	0.003097
0.130000	0.004962
0.140000	0.007794
0.150000	0.011998
0.160000	0.018103
0.170000	0.026773
0.180000	0.038807
0.190000	0.055134
0.200000	0.076773
0.210000	0.104783
0.220000	0.140170
0.230000	0.183783
0.240000	0.236180
0.250000	0.297485
0.260000	0.367259
0.270000	0.444391
0.280000	0.527040
0.290000	0.612642
0.300000	0.698000
0.310000	0.779451
0.320000	0.853115
0.330000	0.915189
0.340000	0.962276
0.350000	0.991684
0.360000	1.001688
0.370000	0.991693
0.380000	0.962296
0.390000	0.915224
0.400000	0.853168
0.410000	0.779530
0.420000	0.698113
0.430000	0.612799
0.440000	0.527252
0.450000	0.444670
0.460000	0.367616
0.470000	0.297927
0.480000	0.236711
0.490000	0.184400
0.500000	0.140858
0.510000	0.105519
0.520000	0.077521
0.530000	0.055846
0.540000	0.039428
0.550000	0.027240
0.560000	0.018356
0.570000	0.011982
0.580000	0.007471
0.590000	0.004313
0.600000	0.002127
0.610000	0.000638
0.620000	-0.000347
0.630000	-0.000961
0.640000	-0.001294
0.650000	-0.001411
0.660000	-0.001363
0.670000	-0.001191
0.680000	-0.000935
0.690000	-0.000632
0.700000	-0.000314
0.710000	-0.000011
0.720000	0.000255
0.730000	0.000468
0.740000	0.000621
0.750000	0.000713
0.760000	0.000748
0.770000	0.000736
0.780000	0.000688
0.790000	0.000616
0.800000	0.000531
0.810000	0.000442
0.820000	0.000357
0.830000	0.000279
0.840000	0.000212
0.850000	0.000157
0.860000	0.000113
0.870000	0.000079
0.880000	0.000054
0.890000	0.000036
0.900000	0.000024
0.910000	0.000015
0.920000	0.000009
0.930000	0.000006
0.940000	0.000003
0.950000	0.000002
0.960000	0.000001
0.970000	0.000001
0.980000	0.000000
0.990000	0.000000
0.000000	0.000000
0.010000	0.000007
0.020000	0.000017
0.030000	0.000034
0.040000	0.000065
0.050000	0.000120
0.060000	0.000217
0.070000	0.000384
0.080000	0.000667
0.090000	0.001136
0.100000	0.001894
0.110000	0.003097
0.120000	0.004962
0.130000	0.007794
0.140000	0.011998
0.150000	0.018103
0.160000	0.026773
0.170000	0.038807
0.180000	0.055134
0.190000	0.076773
0.200000	0.104783
0.210000	0.140170
0.220000	0.183783
0.230000	0.236180
0.240000	0.297485
0.250000	0.367259
0.260000	0.444391
0.270000	0.527040
0.280000	0.612642
0.290000	0.698000
0.300000	0.779451
0.310000	0.853114
0.320000	0.915188
0.330000	0.962273
0.340000	0.991680
0.350000	1.001682
0.360000	0.991684
0.370000	0.962282
0.380000	0.915202
0.390000	0.853137
0.400000	0.779487
0.410000	0.698054
0.420000	0.612722
0.430000	0.527153
0.440000	0.444548
0.450000	0.367471
0.460000	0.297764
0.470000	0.236537
0.480000	0.184226
0.490000	0.140701
0.500000	0.105399
0.510000	0.077462
0.520000	0.055870
0.530000	0.039555
0.540000	0.027485
0.550000	0.018724
0.560000	0.012465
0.570000	0.008046
0.580000	0.004947
0.590000	0.002773
0.600000	0.001244
0.610000	0.000166
0.620000	-0.000589
0.630000	-0.001098
0.640000	-0.001411
0.650000	-0.001558
0.660000	-0.001563
0.670000	-0.001448
0.680000	-0.001238
0.690000	-0.000960
0.700000	-0.000645
0.710000	-0.000321
0.720000	-0.000015
0.730000	0.000253
0.740000	0.000467
0.750000	0.000620
0.760000	0.000712
0.770000	0.000748
0.780000	0.000736
0.790000	0.000688
0.800000	0.000616
0.810000	0.000531
0.820000	0.000442
0.830000	0.000357
0.840000	0.000279
0.850000	0.000212
0.860000	0.000157
0.870000	0.000113
0.880000	0.000079
0.890000	0.000054
0.900000	0.000036
0.910000	0.000024
0.920000	0.000015
0.930000	0.000009
0.940000	0.000006
0.950000	0.000003
0.960000	0.000002
0.970000	0.000001
0.980000	0.000000
0.990000	0.000000
0.000000	0.000000
0.010000	0.000013
0.020000	0.000032
0.030000	0.000064
0.040000	0.000120
0.050000	0.000217
0.060000	0.000384
0.070000	0.000667
0.080000	0.001135
0.090000	0.001894
0.100000	0.003097
0.110000	0.004962
0.120000	0.007794
0.130000	0.011998
0.140000	0.018103
0.150000	0.026773
0.160000	0.038807
0.170000	0.055134
0.180000	0.076773
0.190000	0.104783
0.200000	0.140170
0.210000	0.183783
0.220000	0.236180
0.230000	0.297485
0.240000	0.367259
0.250000	0.444391
0.260000	0.527040
0.270000	0.612642
0.280000	0.698000
0.290000	0.779451
0.300000	0.853114
0.310000	0.915187
0.320000	0.962273
0.330000	0.991679
0.340000	1.001680
0.350000	0.991680
0.360000	0.962276
0.370000	0.915193
0.380000	0.853123
0.390000	0.779466
0.400000	0.698023
0.410000	0.612679
0.420000	0.527094
0.430000	0.444471
0.440000	0.367372
0.450000	0.297642
0.460000	0.236392
0.470000	0.184063
0.480000	0.140527
0.490000	0.105225
0.500000	0.077305
0.510000	0.055750
0.520000	0.039495
0.530000	0.027509
0.540000	0.018851
0.550000	0.012710
0.560000	0.008414
0.570000	0.005429
0.580000	0.003349
0.590000	0.001878
0.600000	0.000812
0.610000	0.000017
0.620000	-0.000585
0.630000	-0.001039
0.640000	-0.001363
0.650000	-0.001563
0.660000	-0.001644
0.670000	-0.001610
0.680000	-0.001474
0.690000	-0.001251
0.700000	-0.000967
0.710000	-0.000649
0.720000	-0.000323
0.730000	-0.000016
0.740000	0.000253
0.750000	0.000467
0.760000	0.000620
0.770000	0.000712
0.780000	0.000748
0.790000	0.000736
0.800000	0.000688
0.810000	0.000616
0.820000	0.000531
0.830000	0.000442
0.840000	0.000357
0.850000	0.000279
0.860000	0.000212
0.870000	0.000157
0.880000	0.000113
0.890000	0.000079
0.900000	0.000054
0.910000	0.000036
0.920000	0.000024
0.930000	0.000015
0.940000	0.000009
0.950000	0.000006
0.960000	0.000003
0.970000	0.000002
0.980000	0.000001
0.990000	0.000000
0.000000	0.000000
0.010000	0.000025
0.020000	0.000060
0.030000	0.000118
0.040000	0.000216
0.050000	0.000384
0.060000	0.000667
0.070000	0.001135
0.080000	0.001894
0.090000	0.003097
0.100000	0.004962
0.110000	0.007794
0.120000	0.011998
0.130000	0.018103
0.140000	0.026773
0.150000	0.038807
0.160000	0.055134
0.170000	0.076773
0.180000	0.104783
0.190000	0.140170
0.200000	0.183783
0.210000	0.236180
0.220000	0.297485
0.230000	0.367259
0.240000	0.444391
0.250000	0.527040
0.260000	0.612642
0.270000	0.698000
0.280000	0.779451
0.290000	0.853114
0.300000	0.915187
0.310000	0.962272
0.320000	0.991678
0.330000	1.001679
0.340000	0.991679
0.350000	0.962273
0.360000	0.915189
0.370000	0.853117
0.380000	0.779456
0.390000	0.698009
0.400000	0.612657
0.410000	0.527064
0.420000	0.444428
0.430000	0.367314
0.440000	0.297564
0.450000	0.236293
0.460000	0.183940
0.470000	0.140382
0.480000	0.105062
0.490000	0.077130
0.500000	0.055576
0.510000	0.039338
0.520000	0.027389
0.530000	0.018792
0.540000	0.012734
0.550000	0.008542
0.560000	0.005675
0.570000	0.003717
0.580000	0.002361
0.590000	0.001388
0.600000	0.000651
0.610000	0.000061
0.620000	-0.000433
0.630000	-0.000850
0.640000	-0.001191
0.650000	-0.001448
0.660000	-0.001610
0.670000	-0.001669
0.680000	-0.001624
0.690000	-0.001480
0.700000	-0.001255
0.710000	-0.000969
0.720000	-0.000649
0.730000	-0.000323
0.740000	-0.000016
0.750000	0.000252
0.760000	0.000467
0.770000	0.000620
0.780000	0.000712
0.790000	0.000748
0.800000	0.000736
0.810000	0.000688
0.820000	0.000616
0.830000	0.000531
0.840000	0.000442
0.850000	0.000357
0.860000	0.000279
0.870000	0.000212
0.880000	0.000157
0.890000	0.000113
0.900000	0.000079
0.910000	0.000054
0.920000	0.000036
0.930000	0.000024
0.940000	0.000015
0.950000	0.000009
0.960000	0.000006
0.970000	0.000003
0.980000	0.000001
0.990000	0.000000
0.000000	0.000000
0.010000	0.000047
0.020000	0.000111
0.030000	0.000212
0.040000	0.000382
0.050000	0.000666
0.060000	0.001135
0.070000	0.001894
0.080000	0.003097
0.090000	0.004962
0.100000	0.007794
0.110000	0.011998
0.120000	0.018103
0.130000	0.026773
0.140000	0.038807
0.150000	0.055134
0.160000	0.076773
0.170000	0.104783
0.180000	0.140170
0.190000	0.183783
0.200000	0.236180
0.210000	0.297485
0.220000	0.367259
0.230000	0.444391
0.240000	0.527040
0.250000	0.612642
0.260000	0.698000
0.270000	0.779451
0.280000	0.853113
0.290000	0.915187
0.300000	0.962272
0.310000	0.991678
0.320000	1.001679
0.330000	0.991678
0.340000	0.962273
0.350000	0.915188
0.360000	0.853115
0.370000	0.779452
0.380000	0.698003
0.390000	0.612648
0.400000	0.527049
0.410000	0.444406
0.420000	0.367283
0.430000	0.297521
0.440000	0.236234
0.450000	0.183863
0.460000	0.140283
0.470000	0.104940
0.480000	0.076986
0.490000	0.055413
0.500000	0.039164
0.510000	0.027215
0.520000	0.018635
0.530000	0.012614
0.540000	0.008482
0.550000	0.005698
0.560000	0.003845
0.570000	0.002606
0.580000	0.001756
0.590000	0.001134
0.600000	0.000637
0.610000	0.000201
0.620000	-0.000203
0.630000	-0.000585
0.640000	-0.000935
0.650000	-0.001238
0.660000	-0.001474
0.670000	-0.001624
0.680000	-0.001676
0.690000	-0.001627
0.700000	-0.001482
0.710000	-0.001256
0.720000	-0.000970
0.730000	-0.000650
0.740000	-0.000323
0.750000	-0.000016
0.760000	0.000252
0.770000	0.000467
0.780000	0.000620
0.790000	0.000712
0.800000	0.000748
0.810000	0.000736
0.820000	0.000688
0.830000	0.000616
0.840000	0.000531
0.850000	0.000442
0.860000	0.000357
0.870000	0.000279
0.880000	0.000212
0.890000	0.000157
0.900000	0.000113
0.910000	0.000079
0.920000	0.000054
0.930000	0.000036
0.940000	0.000024
0.950000	0.000015
0.960000	0.000009
0.970000	0.000005
0.980000	0.000002
0.990000	0.000000
0.000000	0.000000
0.010000	0.000085
0.020000	0.000199
0.030000	0.000375
0.040000	0.000663
0.050000	0.001133
0.060000	0.001893
0.070000	0.003096
0.080000	0.004962
0.090000	0.007794
0.100000	0.011998
0.110000	0.018103
0.120000	0.026773
0.130000	0.038807
0.140000	0.055134
0.150000	0.076773
0.160000	0.104783
0.170000	0.140170
0.180000	0.183783
0.190000	0.236180
0.200000	0.297485
0.210000	0.367259
0.220000	0.444391
0.230000	0.527040
0.240000	0.612642
0.250000	0.698000
0.260000	0.779451
0.270000	0.853113
0.280000	0.915187
0.290000	0.962272
0.300000	0.991678
0.310000	1.001678
0.320000	0.991678
0.330000	0.962272
0.340000	0.915187
0.350000	0.853114
0.360000	0.779451
0.370000	0.698001
0.380000	0.612644
0.390000	0.527043
0.400000	0.444397
0.410000	0.367268
0.420000	0.297500
0.430000	0.236204
0.440000	0.183820
0.450000	0.140225
0.460000	0.104862
0.470000	0.076887
0.480000	0.055291
0.490000	0.039019
0.500000	0.027052
0.510000	0.018460
0.520000	0.012440
0.530000	0.008325
0.540000	0.005579
0.550000	0.003785
0.560000	0.002630
0.570000	0.001883
0.580000	0.001380
0.590000	0.001005
0.600000	0.000684
0.610000	0.000372
0.620000	0.000049
0.630000	-0.000289
0.640000	-0.000632
0.650000	-0.000960
0.660000	-0.001251
0.670000	-0.001480
0.680000	-0.001627
0.690000	-0.001678
0.700000	-0.001628
0.710000	-0.001483
0.720000	-0.001256
0.730000	-0.000970
0.740000	-0.000650
0.750000	-0.000323
0.760000	-0.000016
0.770000	0.000252
0.780000	0.000467
0.790000	0.000620
0.800000	0.000712
0.810000	0.000748
0.820000	0.000736
0.830000	0.000688
0.840000	0.000616
0.850000	0.000531
0.860000	0.000442
0.870000	0.000357
0.880000	0.000279
0.890000	0.000212
0.900000	0.000157
0.910000	0.000113
0.920000	0.000079
0.930000	0.000054
0.940000	0.000036
0.950000	0.000023
0.960000	0.000014
0.970000	0.000008
0.980000	0.000004
0.990000	0.000000
0.000000	0.000000
0.010000	0.000152
0.020000	0.000350
0.030000	0.000649
0.040000	0.001126
0.050000	0.001889
0.060000	0.003094
0.070000	0.004961
0.080000	0.007793
0.090000	0.011998
0.100000	0.018103
0.110000	0.026773
0.120000	0.038807
0.130000	0.055134
0.140000	0.076773
0.150000	0.104783
0.160000	0.140170
0.170000	0.183783
0.180000	0.236180
0.190000	0.297485
0.200000	0.367259
0.210000	0.444391
0.220000	0.527040
0.230000	0.612642
0.240000	0.698000
0.250000	0.779451
0.260000	0.853113
0.270000	0.915187
0.280000	0.962272
0.290000	0.991678
0.300000	1.001678
0.310000	0.991678
0.320000	0.962272
0.330000	0.915187
0.340000	0.853114
0.350000	0.779451
0.360000	0.698000
0.370000	0.612643
0.380000	0.527041
0.390000	0.444393
0.400000	0.367262
0.410000	0.297491
0.420000	0.236189
0.430000	0.183798
0.440000	0.140194
0.450000	0.104819
0.460000	0.076828
0.470000	0.055213
0.480000	0.038920
0.490000	0.026930
0.500000	0.018316
0.510000	0.012277
0.520000	0.008151
0.530000	0.005405
0.540000	0.003628
0.550000	0.002510
0.560000	0.001824
0.570000	0.001403
0.580000	0.001132
0.590000	0.000929
0.600000	0.000740
0.610000	0.000532
0.620000	0.000287
0.630000	0.000002
0.640000	-0.000314
0.650000	-0.000645
0.660000	-0.000967
0.670000	-0.001255
0.680000	-0.001482
0.690000	-0.001628
0.700000	-0.001678
0.710000	-0.001628
0.720000	-0.001483
0.730000	-0.001256
0.740000	-0.000970
0.750000	-0.000650
0.760000	-0.000323
0.770000	-0.000016
0.780000	0.000252
0.790000	0.000467
0.800000	0.000620
0.810000	0.000712
0.820000	0.000748
0.830000	0.000736
0.840000	0.000688
0.850000	0.000616
0.860000	0.000531
0.870000	0.000442
0.880000	0.000357
0.890000	0.000279
0.900000	0.000212
0.910000	0.000157
0.920000	0.000113
0.930000	0.000079
0.940000	0.000054
0.950000	0.000036
0.960000	0.000023
0.970000	0.000013
0.980000	0.000006
0.990000	0.000000
0.000000	0.000000
0.010000	0.000264
0.020000	0.000602
0.030000	0.001101
0.040000	0.001876
0.050000	0.003087
0.060000	0.004958
0.070000	0.007792
0.080000	0.011997
0.090000	0.018103
0.100000	0.026772
0.110000	0.038807
0.120000	0.055134
0.130000	0.076773
0.140000	0.104783
0.150000	0.140170
0.160000	0.183783
0.170000	0.236180
0.180000	0.297485
0.190000	0.367259
0.200000	0.444391
0.210000	0.527040
0.220000	0.612642
0.230000	0.698000
0.240000	0.779451
0.250000	0.853113
0.260000	0.915187
0.270000	0.962272
0.280000	0.991678
0.290000	1.001678
0.300000	0.991678
0.310000	0.962272
0.320000	0.915187
0.330000	0.853114
0.340000	0.779451
0.350000	0.698000
0.360000	0.612642
0.370000	0.527040
0.380000	0.444392
0.390000	0.367260
0.400000	0.297487
0.410000	0.236183
0.420000	0.183789
0.430000	0.140179
0.440000	0.104798
0.450000	0.076797
0.460000	0.055170
0.470000	0.038862
0.480000	0.026852
0.490000	0.018217
0.500000	0.012155
0.510000	0.008006
0.520000	0.005241
0.530000	0.003453
0.540000	0.002336
0.550000	0.001667
0.560000	0.001284
0.570000	0.001073
0.580000	0.000953
0.590000	0.000868
0.600000	0.000777
0.610000	0.000655
0.620000	0.000485
0.630000	0.000262
0.640000	-0.000011
0.650000	-0.000321
0.660000	-0.000649
0.670000	-0.000969
0.680000	-0.001256
0.690000	-0.001483
0.700000	-0.001628
0.710000	-0.001678
0.720000	-0.001628
0.730000	-0.001483
0.740000	-0.001256
0.750000	-0.000970
0.760000	-0.000650
0.770000	-0.000323
0.780000	-0.000016
0.790000	0.000252
0.800000	0.000467
0.810000	0.000620
0.820000	0.000712
0.830000	0.000748
0.840000	0.000736
0.850000	0.000688
0.860000	0.000616
0.870000	0.000531
0.880000	0.000442
0.890000	0.000357
0.900000	0.000279
0.910000	0.000212
0.920000	0.000157
0.930000	0.000113
0.940000	0.000079
0.950000	0.000053
0.960000	0.000034
0.970000	0.000020
0.980000	0.000009
0.990000	0.000000
