0.000000	0.000000e+00
0.010000	3.738048e-11
0.020000	9.861408e-11
0.030000	2.549852e-10
0.040000	6.462568e-10
0.050000	1.605497e-09
0.060000	3.909562e-09
0.070000	9.331703e-09
0.080000	2.183272e-08
0.090000	5.006903e-08
0.100000	1.125498e-07
0.110000	2.479900e-07
0.120000	5.355969e-07
0.130000	1.133851e-06
0.140000	2.352818e-06
0.150000	4.785582e-06
0.160000	9.541033e-06
0.170000	1.864534e-05
0.180000	3.571570e-05
0.190000	6.705983e-05
0.200000	1.234184e-04
0.210000	2.226442e-04
0.220000	3.936926e-04
0.230000	6.823657e-04
0.240000	1.159288e-03
0.250000	1.930544e-03
0.260000	3.151246e-03
0.270000	5.041955e-03
0.280000	7.907331e-03
0.290000	1.215556e-02
0.300000	1.831615e-02
0.310000	2.705252e-02
0.320000	3.916476e-02
0.330000	5.557728e-02
0.340000	7.730601e-02
0.350000	1.054007e-01
0.360000	1.408601e-01
0.370000	1.845213e-01
0.380000	2.369295e-01
0.390000	2.981990e-01
0.400000	3.678809e-01
0.410000	4.448592e-01
0.420000	5.272930e-01
0.430000	6.126263e-01
0.440000	6.976755e-01
0.450000	7.787992e-01
0.460000	8.521415e-01
0.470000	9.139282e-01
0.480000	9.607859e-01
0.490000	9.900460e-01
0.500000	9.999960e-01
0.510000	9.900460e-01
0.520000	9.607859e-01
0.530000	9.139282e-01
0.540000	8.521415e-01
0.550000	7.787992e-01
0.560000	6.976755e-01
0.570000	6.126263e-01
0.580000	5.272930e-01
0.590000	4.448592e-01
0.600000	3.678809e-01
0.610000	2.981990e-01
0.620000	2.369295e-01
0.630000	1.845213e-01
0.640000	1.408601e-01
0.650000	1.054007e-01
0.660000	7.730601e-02
0.670000	5.557728e-02
0.680000	3.916476e-02
0.690000	2.705252e-02
0.700000	1.831615e-02
0.710000	1.215556e-02
0.720000	7.907331e-03
0.730000	5.041955e-03
0.740000	3.151246e-03
0.750000	1.930544e-03
0.760000	1.159288e-03
0.770000	6.823657e-04
0.780000	3.936926e-04
0.790000	2.226442e-04
0.800000	1.234184e-04
0.810000	6.705983e-05
0.820000	3.571570e-05
0.830000	1.864534e-05
0.840000	9.541033e-06
0.850000	4.785582e-06
0.860000	2.352818e-06
0.870000	1.133851e-06
0.880000	5.355969e-07
0.890000	2.479900e-07
0.900000	1.125498e-07
0.910000	5.006903e-08
0.920000	2.183272e-08
0.930000	9.331703e-09
0.940000	3.909562e-09
0.950000	1.605497e-09
0.960000	6.462568e-10
0.970000	2.549852e-10
0.980000	9.860661e-11
0.990000	0.000000e+00
0.000000	0.000000e+00
0.010000	3.738644e-11
0.020000	9.863786e-11
0.030000	2.550439e-10
0.040000	6.463987e-10
0.050000	1.605833e-09
0.060000	3.910341e-09
0.070000	9.333473e-09
0.080000	2.183666e-08
0.090000	5.007759e-08
0.100000	1.125680e-07
0.110000	2.480281e-07
0.120000	5.356746e-07
0.130000	1.134006e-06
0.140000	2.353121e-06
0.150000	4.786163e-06
0.160000	9.542120e-06
0.170000	1.864733e-05
0.180000	3.571927e-05
0.190000	6.706608e-05
0.200000	1.234291e-04
0.210000	2.226622e-04
0.220000	3.937220e-04
0.230000	6.824128e-04
0.240000	1.159362e-03
0.250000	1.930656e-03
0.260000	3.151413e-03
0.270000	5.042199e-03
0.280000	7.907676e-03
0.290000	1.215604e-02
0.300000	1.831680e-02
0.310000	2.705337e-02
0.320000	3.916583e-02
0.330000	5.557860e-02
0.340000	7.730761e-02
0.350000	1.054025e-01
0.360000	1.408621e-01
0.370000	1.845235e-01
0.380000	2.369317e-01
0.390000	2.982011e-01
0.400000	3.678827e-01
0.410000	4.448605e-01
0.420000	5.272937e-01
0.430000	6.126263e-01
0.440000	6.976746e-01
0.450000	7.787973e-01
0.460000	8.521386e-01
0.470000	9.139245e-01
0.480000	9.607815e-01
0.490000	9.900411e-01
0.500000	9.999910e-01
0.510000	9.900411e-01
0.520000	9.607815e-01
0.530000	9.139245e-01
0.540000	8.521386e-01
0.550000	7.787973e-01
0.560000	6.976746e-01
0.570000	6.126263e-01
0.580000	5.272937e-01
0.590000	4.448605e-01
0.600000	3.678827e-01
0.610000	2.982011e-01
0.620000	2.369317e-01
0.630000	1.845235e-01
0.640000	1.408621e-01
0.650000	1.054025e-01
0.660000	7.730761e-02
0.670000	5.557860e-02
0.680000	3.916583e-02
0.690000	2.705337e-02
0.700000	1.831680e-02
0.710000	1.215604e-02
0.720000	7.907676e-03
0.730000	5.042199e-03
0.740000	3.151413e-03
0.750000	1.930656e-03
0.760000	1.159362e-03
0.770000	6.824128e-04
0.780000	3.937220e-04
0.790000	2.226622e-04
0.800000	1.234291e-04
0.810000	6.706608e-05
0.820000	3.571927e-05
0.830000	1.864733e-05
0.840000	9.542120e-06
0.850000	4.786163e-06
0.860000	2.353121e-06
0.870000	1.134006e-06
0.880000	5.356746e-07
0.890000	2.480281e-07
0.900000	1.125680e-07
0.910000	5.007759e-08
0.920000	2.183666e-08
0.930000	9.333473e-09
0.940000	3.910341e-09
0.950000	1.605833e-09
0.960000	6.463987e-10
0.970000	2.550439e-10
0.980000	9.862105e-11
0.990000	0.000000e+00
0.000000	0.000000e+00
0.010000	3.739479e-11
0.020000	9.867116e-11
0.030000	2.551261e-10
0.040000	6.465975e-10
0.050000	1.606304e-09
0.060000	3.911433e-09
0.070000	9.335950e-09
0.080000	2.184217e-08
0.090000	5.008957e-08
0.100000	1.125935e-07
0.110000	2.480813e-07
0.120000	5.357833e-07
0.130000	1.134224e-06
0.140000	2.353546e-06
0.150000	4.786975e-06
0.160000	9.543642e-06
0.170000	1.865012e-05
0.180000	3.572427e-05
0.190000	6.707484e-05
0.200000	1.234441e-04
0.210000	2.226873e-04
0.220000	3.937631e-04
0.230000	6.824786e-04
0.240000	1.159465e-03
0.250000	1.930814e-03
0.260000	3.151648e-03
0.270000	5.042540e-03
0.280000	7.908160e-03
0.290000	1.215671e-02
0.300000	1.831770e-02
0.310000	2.705455e-02
0.320000	3.916734e-02
0.330000	5.558047e-02
0.340000	7.730983e-02
0.350000	1.054051e-01
0.360000	1.408650e-01
0.370000	1.845265e-01
0.380000	2.369348e-01
0.390000	2.982040e-01
0.400000	3.678853e-01
0.410000	4.448624e-01
0.420000	5.272947e-01
0.430000	6.126262e-01
0.440000	6.976732e-01
0.450000	7.787946e-01
0.460000	8.521345e-01
0.470000	9.139192e-01
0.480000	9.607754e-01
0.490000	9.900344e-01
0.500000	9.999841e-01
0.510000	9.900344e-01
0.520000	9.607754e-01
0.530000	9.139192e-01
0.540000	8.521345e-01
0.550000	7.787946e-01
0.560000	6.976732e-01
0.570000	6.126262e-01
0.580000	5.272947e-01
0.590000	4.448624e-01
0.600000	3.678853e-01
0.610000	2.982040e-01
0.620000	2.369348e-01
0.630000	1.845265e-01
0.640000	1.408650e-01
0.650000	1.054051e-01
0.660000	7.730983e-02
0.670000	5.558047e-02
0.680000	3.916734e-02
0.690000	2.705455e-02
0.700000	1.831770e-02
0.710000	1.215671e-02
0.720000	7.908160e-03
0.730000	5.042540e-03
0.740000	3.151648e-03
0.750000	1.930814e-03
0.760000	1.159465e-03
0.770000	6.824786e-04
0.780000	3.937631e-04
0.790000	2.226873e-04
0.800000	1.234441e-04
0.810000	6.707484e-05
0.820000	3.572427e-05
0.830000	1.865012e-05
0.840000	9.543642e-06
0.850000	4.786975e-06
0.860000	2.353546e-06
0.870000	1.134224e-06
0.880000	5.357833e-07
0.890000	2.480813e-07
0.900000	1.125935e-07
0.910000	5.008957e-08
0.920000	2.184217e-08
0.930000	9.335950e-09
0.940000	3.911433e-09
0.950000	1.606304e-09
0.960000	6.465975e-10
0.970000	2.551261e-10
0.980000	9.864127e-11
0.990000	0.000000e+00
0.000000	0.000000e+00
0.010000	3.740553e-11
0.020000	9.871398e-11
0.030000	2.552318e-10
0.040000	6.468531e-10
0.050000	1.606909e-09
0.060000	3.912836e-09
0.070000	9.339136e-09
0.080000	2.184925e-08
0.090000	5.010499e-08
0.100000	1.126264e-07
0.110000	2.481498e-07
0.120000	5.359231e-07
0.130000	1.134503e-06
0.140000	2.354092e-06
0.150000	4.788021e-06
0.160000	9.545599e-06
0.170000	1.865370e-05
0.180000	3.573069e-05
0.190000	6.708609e-05
0.200000	1.234634e-04
0.210000	2.227196e-04
0.220000	3.938161e-04
0.230000	6.825634e-04
0.240000	1.159597e-03
0.250000	1.931016e-03
0.260000	3.151949e-03
0.270000	5.042979e-03
0.280000	7.908783e-03
0.290000	1.215757e-02
0.300000	1.831886e-02
0.310000	2.705607e-02
0.320000	3.916927e-02
0.330000	5.558286e-02
0.340000	7.731270e-02
0.350000	1.054084e-01
0.360000	1.408687e-01
0.370000	1.845305e-01
0.380000	2.369388e-01
0.390000	2.982078e-01
0.400000	3.678886e-01
0.410000	4.448649e-01
0.420000	5.272960e-01
0.430000	6.126260e-01
0.440000	6.976714e-01
0.450000	7.787911e-01
0.460000	8.521293e-01
0.470000	9.139125e-01
0.480000	9.607674e-01
0.490000	9.900257e-01
0.500000	9.999751e-01
0.510000	9.900257e-01
0.520000	9.607674e-01
0.530000	9.139125e-01
0.540000	8.521293e-01
0.550000	7.787911e-01
0.560000	6.976714e-01
0.570000	6.126260e-01
0.580000	5.272960e-01
0.590000	4.448649e-01
0.600000	3.678886e-01
0.610000	2.982078e-01
0.620000	2.369388e-01
0.630000	1.845305e-01
0.640000	1.408687e-01
0.650000	1.054084e-01
0.660000	7.731270e-02
0.670000	5.558286e-02
0.680000	3.916927e-02
0.690000	2.705607e-02
0.700000	1.831886e-02
0.710000	1.215757e-02
0.720000	7.908783e-03
0.730000	5.042979e-03
0.740000	3.151949e-03
0.750000	1.931016e-03
0.760000	1.159597e-03
0.770000	6.825634e-04
0.780000	3.938161e-04
0.790000	2.227196e-04
0.800000	1.234634e-04
0.810000	6.708609e-05
0.820000	3.573069e-05
0.830000	1.865370e-05
0.840000	9.545599e-06
0.850000	4.788021e-06
0.860000	2.354092e-06
0.870000	1.134503e-06
0.880000	5.359231e-07
0.890000	2.481498e-07
0.900000	1.126264e-07
0.910000	5.010499e-08
0.920000	2.184925e-08
0.930000	9.339136e-09
0.940000	3.912836e-09
0.950000	1.606909e-09
0.960000	6.468531e-10
0.970000	2.552318e-10
0.980000	9.866727e-11
0.990000	0.000000e+00
0.000000	0.000000e+00
0.010000	3.741866e-11
0.020000	9.876631e-11
0.030000	2.553610e-10
0.040000	6.471656e-10
0.050000	1.607649e-09
0.060000	3.914551e-09
0.070000	9.343030e-09
0.080000	2.185790e-08
0.090000	5.012382e-08
0.100000	1.126665e-07
0.110000	2.482335e-07
0.120000	5.360940e-07
0.130000	1.134844e-06
0.140000	2.354760e-06
0.150000	4.789298e-06
0.160000	9.547991e-06
0.170000	1.865808e-05
0.180000	3.573854e-05
0.190000	6.709985e-05
0.200000	1.234870e-04
0.210000	2.227591e-04
0.220000	3.938808e-04
0.230000	6.826669e-04
0.240000	1.159759e-03
0.250000	1.931263e-03
0.260000	3.152318e-03
0.270000	5.043515e-03
0.280000	7.909543e-03
0.290000	1.215862e-02
0.300000	1.832028e-02
0.310000	2.705792e-02
0.320000	3.917164e-02
0.330000	5.558578e-02
0.340000	7.731620e-02
0.350000	1.054125e-01
0.360000	1.408732e-01
0.370000	1.845353e-01
0.380000	2.369437e-01
0.390000	2.982124e-01
0.400000	3.678926e-01
0.410000	4.448679e-01
0.420000	5.272976e-01
0.430000	6.126259e-01
0.440000	6.976693e-01
0.450000	7.787868e-01
0.460000	8.521230e-01
0.470000	9.139043e-01
0.480000	9.607578e-01
0.490000	9.900151e-01
0.500000	9.999642e-01
0.510000	9.900151e-01
0.520000	9.607578e-01
0.530000	9.139043e-01
0.540000	8.521230e-01
0.550000	7.787868e-01
0.560000	6.976693e-01
0.570000	6.126259e-01
0.580000	5.272976e-01
0.590000	4.448679e-01
0.600000	3.678926e-01
0.610000	2.982124e-01
0.620000	2.369437e-01
0.630000	1.845353e-01
0.640000	1.408732e-01
0.650000	1.054125e-01
0.660000	7.731620e-02
0.670000	5.558578e-02
0.680000	3.917164e-02
0.690000	2.705792e-02
0.700000	1.832028e-02
0.710000	1.215862e-02
0.720000	7.909543e-03
0.730000	5.043515e-03
0.740000	3.152318e-03
0.750000	1.931263e-03
0.760000	1.159759e-03
0.770000	6.826669e-04
0.780000	3.938808e-04
0.790000	2.227591e-04
0.800000	1.234870e-04
0.810000	6.709985e-05
0.820000	3.573854e-05
0.830000	1.865808e-05
0.840000	9.547991e-06
0.850000	4.789298e-06
0.860000	2.354760e-06
0.870000	1.134844e-06
0.880000	5.360940e-07
0.890000	2.482335e-07
0.900000	1.126665e-07
0.910000	5.012382e-08
0.920000	2.185790e-08
0.930000	9.343030e-09
0.940000	3.914551e-09
0.950000	1.607649e-09
0.960000	6.471656e-10
0.970000	2.553610e-10
0.980000	9.869906e-11
0.990000	0.000000e+00
0.000000	0.000000e+00
0.010000	3.743418e-11
0.020000	9.882818e-11
0.030000	2.555138e-10
0.040000	6.475349e-10
0.050000	1.608523e-09
0.060000	3.916579e-09
0.070000	9.347633e-09
0.080000	2.186813e-08
0.090000	5.014609e-08
0.100000	1.127139e-07
0.110000	2.483324e-07
0.120000	5.362959e-07
0.130000	1.135248e-06
0.140000	2.355549e-06
0.150000	4.790808e-06
0.160000	9.550818e-06
0.170000	1.866326e-05
0.180000	3.574782e-05
0.190000	6.711611e-05
0.200000	1.235148e-04
0.210000	2.228058e-04
0.220000	3.939572e-04
0.230000	6.827893e-04
0.240000	1.159950e-03
0.250000	1.931555e-03
0.260000	3.152753e-03
0.270000	5.044148e-03
0.280000	7.910442e-03
0.290000	1.215986e-02
0.300000	1.832195e-02
0.310000	2.706012e-02
0.320000	3.917443e-02
0.330000	5.558924e-02
0.340000	7.732034e-02
0.350000	1.054173e-01
0.360000	1.408785e-01
0.370000	1.845410e-01
0.380000	2.369495e-01
0.390000	2.982179e-01
0.400000	3.678973e-01
0.410000	4.448714e-01
0.420000	5.272995e-01
0.430000	6.126257e-01
0.440000	6.976667e-01
0.450000	7.787817e-01
0.460000	8.521155e-01
0.470000	9.138946e-01
0.480000	9.607463e-01
0.490000	9.900025e-01
0.500000	9.999512e-01
0.510000	9.900025e-01
0.520000	9.607463e-01
0.530000	9.138946e-01
0.540000	8.521155e-01
0.550000	7.787817e-01
0.560000	6.976667e-01
0.570000	6.126257e-01
0.580000	5.272995e-01
0.590000	4.448714e-01
0.600000	3.678973e-01
0.610000	2.982179e-01
0.620000	2.369495e-01
0.630000	1.845410e-01
0.640000	1.408785e-01
0.650000	1.054173e-01
0.660000	7.732034e-02
0.670000	5.558924e-02
0.680000	3.917443e-02
0.690000	2.706012e-02
0.700000	1.832195e-02
0.710000	1.215986e-02
0.720000	7.910442e-03
0.730000	5.044148e-03
0.740000	3.152753e-03
0.750000	1.931555e-03
0.760000	1.159950e-03
0.770000	6.827893e-04
0.780000	3.939572e-04
0.790000	2.228058e-04
0.800000	1.235148e-04
0.810000	6.711611e-05
0.820000	3.574782e-05
0.830000	1.866326e-05
0.840000	9.550818e-06
0.850000	4.790808e-06
0.860000	2.355549e-06
0.870000	1.135248e-06
0.880000	5.362959e-07
0.890000	2.483324e-07
0.900000	1.127139e-07
0.910000	5.014609e-08
0.920000	2.186813e-08
0.930000	9.347633e-09
0.940000	3.916579e-09
0.950000	1.608523e-09
0.960000	6.475349e-10
0.970000	2.555138e-10
0.980000	9.873666e-11
0.990000	0.000000e+00
0.000000	0.000000e+00
0.010000	3.745209e-11
0.020000	9.889957e-11
0.030000	2.556901e-10
0.040000	6.479611e-10
0.050000	1.609533e-09
0.060000	3.918919e-09
0.070000	9.352945e-09
0.080000	2.187994e-08
0.090000	5.017178e-08
0.100000	1.127687e-07
0.110000	2.484466e-07
0.120000	5.365290e-07
0.130000	1.135714e-06
0.140000	2.356460e-06
0.150000	4.792551e-06
0.160000	9.554081e-06
0.170000	1.866924e-05
0.180000	3.575853e-05
0.190000	6.713488e-05
0.200000	1.235470e-04
0.210000	2.228597e-04
0.220000	3.940455e-04
0.230000	6.829305e-04
0.240000	1.160171e-03
0.250000	1.931892e-03
0.260000	3.153256e-03
0.270000	5.044879e-03
0.280000	7.911479e-03
0.290000	1.216130e-02
0.300000	1.832388e-02
0.310000	2.706265e-02
0.320000	3.917766e-02
0.330000	5.559322e-02
0.340000	7.732511e-02
0.350000	1.054228e-01
0.360000	1.408847e-01
0.370000	1.845475e-01
0.380000	2.369561e-01
0.390000	2.982242e-01
0.400000	3.679028e-01
0.410000	4.448755e-01
0.420000	5.273017e-01
0.430000	6.126255e-01
0.440000	6.976638e-01
0.450000	7.787759e-01
0.460000	8.521068e-01
0.470000	9.138834e-01
0.480000	9.607331e-01
0.490000	9.899880e-01
0.500000	9.999363e-01
0.510000	9.899880e-01
0.520000	9.607331e-01
0.530000	9.138834e-01
0.540000	8.521068e-01
0.550000	7.787759e-01
0.560000	6.976638e-01
0.570000	6.126255e-01
0.580000	5.273017e-01
0.590000	4.448755e-01
0.600000	3.679028e-01
0.610000	2.982242e-01
0.620000	2.369561e-01
0.630000	1.845475e-01
0.640000	1.408847e-01
0.650000	1.054228e-01
0.660000	7.732511e-02
0.670000	5.559322e-02
0.680000	3.917766e-02
0.690000	2.706265e-02
0.700000	1.832388e-02
0.710000	1.216130e-02
0.720000	7.911479e-03
0.730000	5.044879e-03
0.740000	3.153256e-03
0.750000	1.931892e-03
0.760000	1.160171e-03
0.770000	6.829305e-04
0.780000	3.940455e-04
0.790000	2.228597e-04
0.800000	1.235470e-04
0.810000	6.713488e-05
0.820000	3.575853e-05
0.830000	1.866924e-05
0.840000	9.554081e-06
0.850000	4.792551e-06
0.860000	2.356460e-06
0.870000	1.135714e-06
0.880000	5.365290e-07
0.890000	2.484466e-07
0.900000	1.127687e-07
0.910000	5.017178e-08
0.920000	2.187994e-08
0.930000	9.352945e-09
0.940000	3.918919e-09
0.950000	1.609533e-09
0.960000	6.479611e-10
0.970000	2.556900e-10
0.980000	9.878005e-11
0.990000	0.000000e+00
0.000000	0.000000e+00
0.010000	3.747241e-11
0.020000	9.898049e-11
0.030000	2.558899e-10
0.040000	6.484443e-10
0.050000	1.610676e-09
0.060000	3.921571e-09
0.070000	9.358966e-09
0.080000	2.189332e-08
0.090000	5.020091e-08
0.100000	1.128307e-07
0.110000	2.485760e-07
0.120000	5.367932e-07
0.130000	1.136242e-06
0.140000	2.357492e-06
0.150000	4.794526e-06
0.160000	9.557779e-06
0.170000	1.867601e-05
0.180000	3.577067e-05
0.190000	6.715615e-05
0.200000	1.235834e-04
0.210000	2.229208e-04
0.220000	3.941455e-04
0.230000	6.830905e-04
0.240000	1.160421e-03
0.250000	1.932275e-03
0.260000	3.153825e-03
0.270000	5.045708e-03
0.280000	7.912655e-03
0.290000	1.216292e-02
0.300000	1.832607e-02
0.310000	2.706552e-02
0.320000	3.918131e-02
0.330000	5.559774e-02
0.340000	7.733052e-02
0.350000	1.054291e-01
0.360000	1.408916e-01
0.370000	1.845549e-01
0.380000	2.369636e-01
0.390000	2.982313e-01
0.400000	3.679090e-01
0.410000	4.448802e-01
0.420000	5.273042e-01
0.430000	6.126252e-01
0.440000	6.976604e-01
0.450000	7.787693e-01
0.460000	8.520970e-01
0.470000	9.138707e-01
0.480000	9.607182e-01
0.490000	9.899716e-01
0.500000	9.999194e-01
0.510000	9.899716e-01
0.520000	9.607182e-01
0.530000	9.138707e-01
0.540000	8.520970e-01
0.550000	7.787693e-01
0.560000	6.976604e-01
0.570000	6.126252e-01
0.580000	5.273042e-01
0.590000	4.448802e-01
0.600000	3.679090e-01
0.610000	2.982313e-01
0.620000	2.369636e-01
0.630000	1.845549e-01
0.640000	1.408916e-01
0.650000	1.054291e-01
0.660000	7.733052e-02
0.670000	5.559774e-02
0.680000	3.918131e-02
0.690000	2.706552e-02
0.700000	1.832607e-02
0.710000	1.216292e-02
0.720000	7.912655e-03
0.730000	5.045708e-03
0.740000	3.153825e-03
0.750000	1.932275e-03
0.760000	1.160421e-03
0.770000	6.830905e-04
0.780000	3.941455e-04
0.790000	2.229208e-04
0.800000	1.235834e-04
0.810000	6.715615e-05
0.820000	3.577067e-05
0.830000	1.867601e-05
0.840000	9.557779e-06
0.850000	4.794526e-06
0.860000	2.357492e-06
0.870000	1.136242e-06
0.880000	5.367932e-07
0.890000	2.485760e-07
0.900000	1.128307e-07
0.910000	5.020091e-08
0.920000	2.189332e-08
0.930000	9.358966e-09
0.940000	3.921571e-09
0.950000	1.610676e-09
0.960000	6.484443e-10
0.970000	2.558898e-10
0.980000	9.882926e-11
0.990000	0.000000e+00
0.000000	0.000000e+00
0.010000	3.749513e-11
0.020000	9.907096e-11
0.030000	2.561133e-10
0.040000	6.489844e-10
0.050000	1.611955e-09
0.060000	3.924536e-09
0.070000	9.365697e-09
0.080000	2.190829e-08
0.090000	5.023347e-08
0.100000	1.129001e-07
0.110000	2.487207e-07
0.120000	5.370885e-07
0.130000	1.136832e-06
0.140000	2.358646e-06
0.150000	4.796734e-06
0.160000	9.561912e-06
0.170000	1.868358e-05
0.180000	3.578423e-05
0.190000	6.717992e-05
0.200000	1.236242e-04
0.210000	2.229890e-04
0.220000	3.942572e-04
0.230000	6.832694e-04
0.240000	1.160701e-03
0.250000	1.932702e-03
0.260000	3.154462e-03
0.270000	5.046634e-03
0.280000	7.913969e-03
0.290000	1.216474e-02
0.300000	1.832852e-02
0.310000	2.706873e-02
0.320000	3.918540e-02
0.330000	5.560279e-02
0.340000	7.733657e-02
0.350000	1.054360e-01
0.360000	1.408994e-01
0.370000	1.845633e-01
0.380000	2.369721e-01
0.390000	2.982393e-01
0.400000	3.679159e-01
0.410000	4.448853e-01
0.420000	5.273069e-01
0.430000	6.126250e-01
0.440000	6.976567e-01
0.450000	7.787619e-01
0.460000	8.520860e-01
0.470000	9.138565e-01
0.480000	9.607015e-01
0.490000	9.899533e-01
0.500000	9.999005e-01
0.510000	9.899533e-01
0.520000	9.607015e-01
0.530000	9.138565e-01
0.540000	8.520860e-01
0.550000	7.787619e-01
0.560000	6.976567e-01
0.570000	6.126250e-01
0.580000	5.273069e-01
0.590000	4.448853e-01
0.600000	3.679159e-01
0.610000	2.982393e-01
0.620000	2.369721e-01
0.630000	1.845633e-01
0.640000	1.408994e-01
0.650000	1.054360e-01
0.660000	7.733657e-02
0.670000	5.560279e-02
0.680000	3.918540e-02
0.690000	2.706873e-02
0.700000	1.832852e-02
0.710000	1.216474e-02
0.720000	7.913969e-03
0.730000	5.046634e-03
0.740000	3.154462e-03
0.750000	1.932702e-03
0.760000	1.160701e-03
0.770000	6.832694e-04
0.780000	3.942572e-04
0.790000	2.229890e-04
0.800000	1.236242e-04
0.810000	6.717992e-05
0.820000	3.578423e-05
0.830000	1.868358e-05
0.840000	9.561912e-06
0.850000	4.796734e-06
0.860000	2.358646e-06
0.870000	1.136832e-06
0.880000	5.370885e-07
0.890000	2.487207e-07
0.900000	1.129001e-07
0.910000	5.023347e-08
0.920000	2.190829e-08
0.930000	9.365697e-09
0.940000	3.924536e-09
0.950000	1.611955e-09
0.960000	6.489844e-10
0.970000	2.561131e-10
0.980000	9.888429e-11
0.990000	0.000000e+00
0.000000	0.000000e+00
0.010000	3.752025e-11
0.020000	9.917097e-11
0.030000	2.563603e-10
0.040000	6.495815e-10
0.050000	1.613369e-09
0.060000	3.927813e-09
0.070000	9.373138e-09
0.080000	2.192482e-08
0.090000	5.026946e-08
0.100000	1.129768e-07
0.110000	2.488806e-07
0.120000	5.374149e-07
0.130000	1.137484e-06
0.140000	2.359921e-06
0.150000	4.799174e-06
0.160000	9.566481e-06
0.170000	1.869195e-05
0.180000	3.579923e-05
0.190000	6.720620e-05
0.200000	1.236692e-04
0.210000	2.230645e-04
0.220000	3.943808e-04
0.230000	6.834671e-04
0.240000	1.161010e-03
0.250000	1.933174e-03
0.260000	3.155166e-03
0.270000	5.047657e-03
0.280000	7.915421e-03
0.290000	1.216675e-02
0.300000	1.833122e-02
0.310000	2.707227e-02
0.320000	3.918991e-02
0.330000	5.560838e-02
0.340000	7.734325e-02
0.350000	1.054438e-01
0.360000	1.409080e-01
0.370000	1.845724e-01
0.380000	2.369814e-01
0.390000	2.982482e-01
0.400000	3.679236e-01
0.410000	4.448911e-01
0.420000	5.273100e-01
0.430000	6.126247e-01
0.440000	6.976526e-01
0.450000	7.787537e-01
0.460000	8.520739e-01
0.470000	9.138409e-01
0.480000	9.606830e-01
0.490000	9.899330e-01
0.500000	9.998796e-01
0.510000	9.899330e-01
0.520000	9.606830e-01
0.530000	9.138409e-01
0.540000	8.520739e-01
0.550000	7.787537e-01
0.560000	6.976526e-01
0.570000	6.126247e-01
0.580000	5.273100e-01
0.590000	4.448911e-01
0.600000	3.679236e-01
0.610000	2.982482e-01
0.620000	2.369814e-01
0.630000	1.845724e-01
0.640000	1.409080e-01
0.650000	1.054438e-01
0.660000	7.734325e-02
0.670000	5.560838e-02
0.680000	3.918991e-02
0.690000	2.707227e-02
0.700000	1.833122e-02
0.710000	1.216675e-02
0.720000	7.915421e-03
0.730000	5.047657e-03
0.740000	3.155166e-03
0.750000	1.933174e-03
0.760000	1.161010e-03
0.770000	6.834671e-04
0.780000	3.943808e-04
0.790000	2.230645e-04
0.800000	1.236692e-04
0.810000	6.720620e-05
0.820000	3.579923e-05
0.830000	1.869195e-05
0.840000	9.566481e-06
0.850000	4.799174e-06
0.860000	2.359921e-06
0.870000	1.137484e-06
0.880000	5.374149e-07
0.890000	2.488806e-07
0.900000	1.129768e-07
0.910000	5.026946e-08
0.920000	2.192482e-08
0.930000	9.373138e-09
0.940000	3.927813e-09
0.950000	1.613369e-09
0.960000	6.495815e-10
0.970000	2.563600e-10
0.980000	9.894515e-11
0.990000	0.000000e+00
0.000000	0.000000e+00
0.010000	3.754779e-11
0.020000	9.928053e-11
0.030000	2.566309e-10
0.040000	6.502357e-10
0.050000	1.614918e-09
0.060000	3.931404e-09
0.070000	9.381289e-09
0.080000	2.194294e-08
0.090000	5.030888e-08
0.100000	1.130608e-07
0.110000	2.490558e-07
0.120000	5.377725e-07
0.130000	1.138198e-06
0.140000	2.361318e-06
0.150000	4.801847e-06
0.160000	9.571486e-06
0.170000	1.870112e-05
0.180000	3.581565e-05
0.190000	6.723498e-05
0.200000	1.237185e-04
0.210000	2.231471e-04
0.220000	3.945161e-04
0.230000	6.836837e-04
0.240000	1.161349e-03
0.250000	1.933691e-03
0.260000	3.155936e-03
0.270000	5.048779e-03
0.280000	7.917011e-03
0.290000	1.216895e-02
0.300000	1.833419e-02
0.310000	2.707615e-02
0.320000	3.919486e-02
0.330000	5.561449e-02
0.340000	7.735057e-02
0.350000	1.054522e-01
0.360000	1.409175e-01
0.370000	1.845825e-01
0.380000	2.369916e-01
0.390000	2.982578e-01
0.400000	3.679320e-01
0.410000	4.448973e-01
0.420000	5.273133e-01
0.430000	6.126243e-01
0.440000	6.976481e-01
0.450000	7.787448e-01
0.460000	8.520606e-01
0.470000	9.138237e-01
0.480000	9.606627e-01
0.490000	9.899108e-01
0.500000	9.998567e-01
0.510000	9.899108e-01
0.520000	9.606627e-01
0.530000	9.138237e-01
0.540000	8.520606e-01
0.550000	7.787448e-01
0.560000	6.976481e-01
0.570000	6.126243e-01
0.580000	5.273133e-01
0.590000	4.448973e-01
0.600000	3.679320e-01
0.610000	2.982578e-01
0.620000	2.369916e-01
0.630000	1.845825e-01
0.640000	1.409175e-01
0.650000	1.054522e-01
0.660000	7.735057e-02
0.670000	5.561449e-02
0.680000	3.919486e-02
0.690000	2.707615e-02
0.700000	1.833419e-02
0.710000	1.216895e-02
0.720000	7.917011e-03
0.730000	5.048779e-03
0.740000	3.155936e-03
0.750000	1.933691e-03
0.760000	1.161349e-03
0.770000	6.836837e-04
0.780000	3.945161e-04
0.790000	2.231471e-04
0.800000	1.237185e-04
0.810000	6.723498e-05
0.820000	3.581565e-05
0.830000	1.870112e-05
0.840000	9.571486e-06
0.850000	4.801847e-06
0.860000	2.361318e-06
0.870000	1.138198e-06
0.880000	5.377725e-07
0.890000	2.490558e-07
0.900000	1.130608e-07
0.910000	5.030888e-08
0.920000	2.194294e-08
0.930000	9.381289e-09
0.940000	3.931404e-09
0.950000	1.614918e-09
0.960000	6.502357e-10
0.970000	2.566305e-10
0.980000	9.901187e-11
0.990000	0.000000e+00
0.000000	0.000000e+00
0.010000	3.757775e-11
0.020000	9.939966e-11
0.030000	2.569251e-10
0.040000	6.509470e-10
0.050000	1.616602e-09
0.060000	3.935308e-09
0.070000	9.390152e-09
0.080000	2.196264e-08
0.090000	5.035175e-08
0.100000	1.131521e-07
0.110000	2.492462e-07
0.120000	5.381613e-07
0.130000	1.138975e-06
0.140000	2.362837e-06
0.150000	4.804753e-06
0.160000	9.576927e-06
0.170000	1.871108e-05
0.180000	3.583351e-05
0.190000	6.726627e-05
0.200000	1.237721e-04
0.210000	2.232369e-04
0.220000	3.946632e-04
0.230000	6.839191e-04
0.240000	1.161717e-03
0.250000	1.934253e-03
0.260000	3.156774e-03
0.270000	5.049997e-03
0.280000	7.918740e-03
0.290000	1.217134e-02
0.300000	1.833741e-02
0.310000	2.708037e-02
0.320000	3.920023e-02
0.330000	5.562113e-02
0.340000	7.735853e-02
0.350000	1.054615e-01
0.360000	1.409277e-01
0.370000	1.845934e-01
0.380000	2.370026e-01
0.390000	2.982684e-01
0.400000	3.679411e-01
0.410000	4.449042e-01
0.420000	5.273169e-01
0.430000	6.126240e-01
0.440000	6.976432e-01
0.450000	7.787350e-01
0.460000	8.520461e-01
0.470000	9.138050e-01
0.480000	9.606407e-01
0.490000	9.898867e-01
0.500000	9.998319e-01
0.510000	9.898867e-01
0.520000	9.606407e-01
0.530000	9.138050e-01
0.540000	8.520461e-01
0.550000	7.787350e-01
0.560000	6.976432e-01
0.570000	6.126240e-01
0.580000	5.273169e-01
0.590000	4.449042e-01
0.600000	3.679411e-01
0.610000	2.982684e-01
0.620000	2.370026e-01
0.630000	1.845934e-01
0.640000	1.409277e-01
0.650000	1.054615e-01
0.660000	7.735853e-02
0.670000	5.562113e-02
0.680000	3.920023e-02
0.690000	2.708037e-02
0.700000	1.833741e-02
0.710000	1.217134e-02
0.720000	7.918740e-03
0.730000	5.049997e-03
0.740000	3.156774e-03
0.750000	1.934253e-03
0.760000	1.161717e-03
0.770000	6.839191e-04
0.780000	3.946632e-04
0.790000	2.232369e-04
0.800000	1.237721e-04
0.810000	6.726627e-05
0.820000	3.583351e-05
0.830000	1.871108e-05
0.840000	9.576927e-06
0.850000	4.804753e-06
0.860000	2.362837e-06
0.870000	1.138975e-06
0.880000	5.381613e-07
0.890000	2.492462e-07
0.900000	1.131521e-07
0.910000	5.035175e-08
0.920000	2.196264e-08
0.930000	9.390152e-09
0.940000	3.935308e-09
0.950000	1.616602e-09
0.960000	6.509470e-10
0.970000	2.569246e-10
0.980000	9.908444e-11
0.990000	0.000000e+00
0.000000	0.000000e+00
0.010000	3.761014e-11
0.020000	9.952836e-11
0.030000	2.572429e-10
0.040000	6.517155e-10
0.050000	1.618421e-09
0.060000	3.939526e-09
0.070000	9.399726e-09
0.080000	2.198392e-08
0.090000	5.039806e-08
0.100000	1.132507e-07
0.110000	2.494519e-07
0.120000	5.385812e-07
0.130000	1.139814e-06
0.140000	2.364478e-06
0.150000	4.807893e-06
0.160000	9.582804e-06
0.170000	1.872185e-05
0.180000	3.585279e-05
0.190000	6.730007e-05
0.200000	1.238301e-04
0.210000	2.233340e-04
0.220000	3.948221e-04
0.230000	6.841734e-04
0.240000	1.162114e-03
0.250000	1.934860e-03
0.260000	3.157679e-03
0.270000	5.051313e-03
0.280000	7.920608e-03
0.290000	1.217392e-02
0.300000	1.834088e-02
0.310000	2.708493e-02
0.320000	3.920604e-02
0.330000	5.562831e-02
0.340000	7.736713e-02
0.350000	1.054714e-01
0.360000	1.409388e-01
0.370000	1.846052e-01
0.380000	2.370146e-01
0.390000	2.982797e-01
0.400000	3.679509e-01
0.410000	4.449115e-01
0.420000	5.273208e-01
0.430000	6.126236e-01
0.440000	6.976379e-01
0.450000	7.787245e-01
0.460000	8.520306e-01
0.470000	9.137849e-01
0.480000	9.606170e-01
0.490000	9.898606e-01
0.500000	9.998050e-01
0.510000	9.898606e-01
0.520000	9.606170e-01
0.530000	9.137849e-01
0.540000	8.520306e-01
0.550000	7.787245e-01
0.560000	6.976379e-01
0.570000	6.126236e-01
0.580000	5.273208e-01
0.590000	4.449115e-01
0.600000	3.679509e-01
0.610000	2.982797e-01
0.620000	2.370146e-01
0.630000	1.846052e-01
0.640000	1.409388e-01
0.650000	1.054714e-01
0.660000	7.736713e-02
0.670000	5.562831e-02
0.680000	3.920604e-02
0.690000	2.708493e-02
0.700000	1.834088e-02
0.710000	1.217392e-02
0.720000	7.920608e-03
0.730000	5.051313e-03
0.740000	3.157679e-03
0.750000	1.934860e-03
0.760000	1.162114e-03
0.770000	6.841734e-04
0.780000	3.948221e-04
0.790000	2.233340e-04
0.800000	1.238301e-04
0.810000	6.730007e-05
0.820000	3.585279e-05
0.830000	1.872185e-05
0.840000	9.582804e-06
0.850000	4.807893e-06
0.860000	2.364478e-06
0.870000	1.139814e-06
0.880000	5.385812e-07
0.890000	2.494519e-07
0.900000	1.132507e-07
0.910000	5.039806e-08
0.920000	2.198392e-08
0.930000	9.399726e-09
0.940000	3.939526e-09
0.950000	1.618421e-09
0.960000	6.517155e-10
0.970000	2.572423e-10
0.980000	9.916289e-11
0.990000	0.000000e+00
0.000000	0.000000e+00
0.010000	3.764495e-11
0.020000	9.966664e-11
0.030000	2.575844e-10
0.040000	6.525411e-10
0.050000	1.620376e-09
0.060000	3.944058e-09
0.070000	9.410013e-09
0.080000	2.200678e-08
0.090000	5.044781e-08
0.100000	1.133567e-07
0.110000	2.496730e-07
0.120000	5.390324e-07
0.130000	1.140715e-06
0.140000	2.366240e-06
0.150000	4.811265e-06
0.160000	9.589117e-06
0.170000	1.873341e-05
0.180000	3.587351e-05
0.190000	6.733637e-05
0.200000	1.238923e-04
0.210000	2.234382e-04
0.220000	3.949928e-04
0.230000	6.844465e-04
0.240000	1.162541e-03
0.250000	1.935512e-03
0.260000	3.158651e-03
0.270000	5.052727e-03
0.280000	7.922613e-03
0.290000	1.217669e-02
0.300000	1.834462e-02
0.310000	2.708983e-02
0.320000	3.921228e-02
0.330000	5.563602e-02
0.340000	7.737636e-02
0.350000	1.054821e-01
0.360000	1.409507e-01
0.370000	1.846179e-01
0.380000	2.370274e-01
0.390000	2.982919e-01
0.400000	3.679615e-01
0.410000	4.449194e-01
0.420000	5.273250e-01
0.430000	6.126232e-01
0.440000	6.976322e-01
0.450000	7.787132e-01
0.460000	8.520138e-01
0.470000	9.137632e-01
0.480000	9.605915e-01
0.490000	9.898326e-01
0.500000	9.997761e-01
0.510000	9.898326e-01
0.520000	9.605915e-01
0.530000	9.137632e-01
0.540000	8.520138e-01
0.550000	7.787132e-01
0.560000	6.976322e-01
0.570000	6.126232e-01
0.580000	5.273250e-01
0.590000	4.449194e-01
0.600000	3.679615e-01
0.610000	2.982919e-01
0.620000	2.370274e-01
0.630000	1.846179e-01
0.640000	1.409507e-01
0.650000	1.054821e-01
0.660000	7.737636e-02
0.670000	5.563602e-02
0.680000	3.921228e-02
0.690000	2.708983e-02
0.700000	1.834462e-02
0.710000	1.217669e-02
0.720000	7.922613e-03
0.730000	5.052727e-03
0.740000	3.158651e-03
0.750000	1.935512e-03
0.760000	1.162541e-03
0.770000	6.844465e-04
0.780000	3.949928e-04
0.790000	2.234382e-04
0.800000	1.238923e-04
0.810000	6.733637e-05
0.820000	3.587351e-05
0.830000	1.873341e-05
0.840000	9.589117e-06
0.850000	4.811265e-06
0.860000	2.366240e-06
0.870000	1.140715e-06
0.880000	5.390324e-07
0.890000	2.496730e-07
0.900000	1.133567e-07
0.910000	5.044781e-08
0.920000	2.200678e-08
0.930000	9.410013e-09
0.940000	3.944058e-09
0.950000	1.620376e-09
0.960000	6.525411e-10
0.970000	2.575837e-10
0.980000	9.924723e-11
0.990000	0.000000e+00
0.000000	0.000000e+00
0.010000	3.768220e-11
0.020000	9.981450e-11
0.030000	2.579497e-10
0.040000	6.534241e-10
0.050000	1.622466e-09
0.060000	3.948904e-09
0.070000	9.421013e-09
0.080000	2.203123e-08
0.090000	5.050101e-08
0.100000	1.134701e-07
0.110000	2.499093e-07
0.120000	5.395148e-07
0.130000	1.141679e-06
0.140000	2.368125e-06
0.150000	4.814870e-06
0.160000	9.595867e-06
0.170000	1.874577e-05
0.180000	3.589566e-05
0.190000	6.737518e-05
0.200000	1.239588e-04
0.210000	2.235496e-04
0.220000	3.951752e-04
0.230000	6.847385e-04
0.240000	1.162998e-03
0.250000	1.936209e-03
0.260000	3.159690e-03
0.270000	5.054239e-03
0.280000	7.924758e-03
0.290000	1.217966e-02
0.300000	1.834861e-02
0.310000	2.709506e-02
0.320000	3.921894e-02
0.330000	5.564426e-02
0.340000	7.738622e-02
0.350000	1.054935e-01
0.360000	1.409634e-01
0.370000	1.846315e-01
0.380000	2.370412e-01
0.390000	2.983049e-01
0.400000	3.679728e-01
0.410000	4.449279e-01
0.420000	5.273295e-01
0.430000	6.126227e-01
0.440000	6.976261e-01
0.450000	7.787012e-01
0.460000	8.519959e-01
0.470000	9.137401e-01
0.480000	9.605642e-01
0.490000	9.898027e-01
0.500000	9.997453e-01
0.510000	9.898027e-01
0.520000	9.605642e-01
0.530000	9.137401e-01
0.540000	8.519959e-01
0.550000	7.787012e-01
0.560000	6.976261e-01
0.570000	6.126227e-01
0.580000	5.273295e-01
0.590000	4.449279e-01
0.600000	3.679728e-01
0.610000	2.983049e-01
0.620000	2.370412e-01
0.630000	1.846315e-01
0.640000	1.409634e-01
0.650000	1.054935e-01
0.660000	7.738622e-02
0.670000	5.564426e-02
0.680000	3.921894e-02
0.690000	2.709506e-02
0.700000	1.834861e-02
0.710000	1.217966e-02
0.720000	7.924758e-03
0.730000	5.054239e-03
0.740000	3.159690e-03
0.750000	1.936209e-03
0.760000	1.162998e-03
0.770000	6.847385e-04
0.780000	3.951752e-04
0.790000	2.235496e-04
0.800000	1.239588e-04
0.810000	6.737518e-05
0.820000	3.589566e-05
0.830000	1.874577e-05
0.840000	9.595867e-06
0.850000	4.814870e-06
0.860000	2.368125e-06
0.870000	1.141679e-06
0.880000	5.395148e-07
0.890000	2.499093e-07
0.900000	1.134701e-07
0.910000	5.050101e-08
0.920000	2.203123e-08
0.930000	9.421013e-09
0.940000	3.948904e-09
0.950000	1.622466e-09
0.960000	6.534241e-10
0.970000	2.579487e-10
0.980000	9.933748e-11
0.990000	0.000000e+00
0.000000	0.000000e+00
0.010000	3.772190e-11
0.020000	9.997197e-11
0.030000	2.583386e-10
0.040000	6.543644e-10
0.050000	1.624692e-09
0.060000	3.954064e-09
0.070000	9.432727e-09
0.080000	2.205727e-08
0.090000	5.055765e-08
0.100000	1.135907e-07
0.110000	2.501609e-07
0.120000	5.400285e-07
0.130000	1.142705e-06
0.140000	2.370131e-06
0.150000	4.818709e-06
0.160000	9.603054e-06
0.170000	1.875894e-05
0.180000	3.591925e-05
0.190000	6.741651e-05
0.200000	1.240296e-04
0.210000	2.236682e-04
0.220000	3.953695e-04
0.230000	6.850494e-04
0.240000	1.163484e-03
0.250000	1.936951e-03
0.260000	3.160796e-03
0.270000	5.055847e-03
0.280000	7.927040e-03
0.290000	1.218282e-02
0.300000	1.835286e-02
0.310000	2.710063e-02
0.320000	3.922604e-02
0.330000	5.565303e-02
0.340000	7.739673e-02
0.350000	1.055056e-01
0.360000	1.409769e-01
0.370000	1.846459e-01
0.380000	2.370558e-01
0.390000	2.983188e-01
0.400000	3.679848e-01
0.410000	4.449369e-01
0.420000	5.273343e-01
0.430000	6.126223e-01
0.440000	6.976196e-01
0.450000	7.786883e-01
0.460000	8.519768e-01
0.470000	9.137155e-01
0.480000	9.605352e-01
0.490000	9.897708e-01
0.500000	9.997125e-01
0.510000	9.897708e-01
0.520000	9.605352e-01
0.530000	9.137155e-01
0.540000	8.519768e-01
0.550000	7.786883e-01
0.560000	6.976196e-01
0.570000	6.126223e-01
0.580000	5.273343e-01
0.590000	4.449369e-01
0.600000	3.679848e-01
0.610000	2.983188e-01
0.620000	2.370558e-01
0.630000	1.846459e-01
0.640000	1.409769e-01
0.650000	1.055056e-01
0.660000	7.739673e-02
0.670000	5.565303e-02
0.680000	3.922604e-02
0.690000	2.710063e-02
0.700000	1.835286e-02
0.710000	1.218282e-02
0.720000	7.927040e-03
0.730000	5.055847e-03
0.740000	3.160796e-03
0.750000	1.936951e-03
0.760000	1.163484e-03
0.770000	6.850494e-04
0.780000	3.953695e-04
0.790000	2.236682e-04
0.800000	1.240296e-04
0.810000	6.741651e-05
0.820000	3.591925e-05
0.830000	1.875894e-05
0.840000	9.603054e-06
0.850000	4.818709e-06
0.860000	2.370131e-06
0.870000	1.142705e-06
0.880000	5.400285e-07
0.890000	2.501609e-07
0.900000	1.135907e-07
0.910000	5.055765e-08
0.920000	2.205727e-08
0.930000	9.432727e-09
0.940000	3.954064e-09
0.950000	1.624692e-09
0.960000	6.543644e-10
0.970000	2.583374e-10
0.980000	9.943365e-11
0.990000	0.000000e+00
0.000000	0.000000e+00
0.010000	3.776405e-11
0.020000	1.001391e-10
0.030000	2.587514e-10
0.040000	6.553622e-10
0.050000	1.627054e-09
0.060000	3.959540e-09
0.070000	9.445155e-09
0.080000	2.208489e-08
0.090000	5.061776e-08
0.100000	1.137188e-07
0.110000	2.504279e-07
0.120000	5.405734e-07
0.130000	1.143794e-06
0.140000	2.372260e-06
0.150000	4.822782e-06
0.160000	9.610679e-06
0.170000	1.877290e-05
0.180000	3.594426e-05
0.190000	6.746035e-05
0.200000	1.241047e-04
0.210000	2.237941e-04
0.220000	3.955756e-04
0.230000	6.853791e-04
0.240000	1.163999e-03
0.250000	1.937738e-03
0.260000	3.161969e-03
0.270000	5.057554e-03
0.280000	7.929461e-03
0.290000	1.218616e-02
0.300000	1.835737e-02
0.310000	2.710654e-02
0.320000	3.923356e-02
0.330000	5.566234e-02
0.340000	7.740787e-02
0.350000	1.055185e-01
0.360000	1.409913e-01
0.370000	1.846612e-01
0.380000	2.370713e-01
0.390000	2.983335e-01
0.400000	3.679976e-01
0.410000	4.449464e-01
0.420000	5.273394e-01
0.430000	6.126218e-01
0.440000	6.976127e-01
0.450000	7.786747e-01
0.460000	8.519566e-01
0.470000	9.136894e-01
0.480000	9.605044e-01
0.490000	9.897371e-01
0.500000	9.996777e-01
0.510000	9.897371e-01
0.520000	9.605044e-01
0.530000	9.136894e-01
0.540000	8.519566e-01
0.550000	7.786747e-01
0.560000	6.976127e-01
0.570000	6.126218e-01
0.580000	5.273394e-01
0.590000	4.449464e-01
0.600000	3.679976e-01
0.610000	2.983335e-01
0.620000	2.370713e-01
0.630000	1.846612e-01
0.640000	1.409913e-01
0.650000	1.055185e-01
0.660000	7.740787e-02
0.670000	5.566234e-02
0.680000	3.923356e-02
0.690000	2.710654e-02
0.700000	1.835737e-02
0.710000	1.218616e-02
0.720000	7.929461e-03
0.730000	5.057554e-03
0.740000	3.161969e-03
0.750000	1.937738e-03
0.760000	1.163999e-03
0.770000	6.853791e-04
0.780000	3.955756e-04
0.790000	2.237941e-04
0.800000	1.241047e-04
0.810000	6.746035e-05
0.820000	3.594426e-05
0.830000	1.877290e-05
0.840000	9.610679e-06
0.850000	4.822782e-06
0.860000	2.372260e-06
0.870000	1.143794e-06
0.880000	5.405734e-07
0.890000	2.504279e-07
0.900000	1.137188e-07
0.910000	5.061776e-08
0.920000	2.208489e-08
0.930000	9.445155e-09
0.940000	3.959540e-09
0.950000	1.627054e-09
0.960000	6.553622e-10
0.970000	2.587498e-10
0.980000	9.953578e-11
0.990000	0.000000e+00
0.000000	0.000000e+00
0.010000	3.780866e-11
0.020000	1.003158e-10
0.030000	2.591879e-10
0.040000	6.564175e-10
0.050000	1.629553e-09
0.060000	3.965330e-09
0.070000	9.458299e-09
0.080000	2.211410e-08
0.090000	5.068131e-08
0.100000	1.138541e-07
0.110000	2.507102e-07
0.120000	5.411496e-07
0.130000	1.144945e-06
0.140000	2.374510e-06
0.150000	4.827088e-06
0.160000	9.618740e-06
0.170000	1.878767e-05
0.180000	3.597071e-05
0.190000	6.750669e-05
0.200000	1.241841e-04
0.210000	2.239271e-04
0.220000	3.957934e-04
0.230000	6.857277e-04
0.240000	1.164544e-03
0.250000	1.938570e-03
0.260000	3.163209e-03
0.270000	5.059358e-03
0.280000	7.932021e-03
0.290000	1.218970e-02
0.300000	1.836214e-02
0.310000	2.711279e-02
0.320000	3.924152e-02
0.330000	5.567217e-02
0.340000	7.741964e-02
0.350000	1.055321e-01
0.360000	1.410064e-01
0.370000	1.846774e-01
0.380000	2.370877e-01
0.390000	2.983491e-01
0.400000	3.680111e-01
0.410000	4.449565e-01
0.420000	5.273447e-01
0.430000	6.126212e-01
0.440000	6.976055e-01
0.450000	7.786603e-01
0.460000	8.519352e-01
0.470000	9.136618e-01
0.480000	9.604718e-01
0.490000	9.897013e-01
0.500000	9.996409e-01
0.510000	9.897013e-01
0.520000	9.604718e-01
0.530000	9.136618e-01
0.540000	8.519352e-01
0.550000	7.786603e-01
0.560000	6.976055e-01
0.570000	6.126212e-01
0.580000	5.273447e-01
0.590000	4.449565e-01
0.600000	3.680111e-01
0.610000	2.983491e-01
0.620000	2.370877e-01
0.630000	1.846774e-01
0.640000	1.410064e-01
0.650000	1.055321e-01
0.660000	7.741964e-02
0.670000	5.567217e-02
0.680000	3.924152e-02
0.690000	2.711279e-02
0.700000	1.836214e-02
0.710000	1.218970e-02
0.720000	7.932021e-03
0.730000	5.059358e-03
0.740000	3.163209e-03
0.750000	1.938570e-03
0.760000	1.164544e-03
0.770000	6.857277e-04
0.780000	3.957934e-04
0.790000	2.239271e-04
0.800000	1.241841e-04
0.810000	6.750669e-05
0.820000	3.597071e-05
0.830000	1.878767e-05
0.840000	9.618740e-06
0.850000	4.827088e-06
0.860000	2.374510e-06
0.870000	1.144945e-06
0.880000	5.411496e-07
0.890000	2.507102e-07
0.900000	1.138541e-07
0.910000	5.068131e-08
0.920000	2.211410e-08
0.930000	9.458299e-09
0.940000	3.965330e-09
0.950000	1.629553e-09
0.960000	6.564175e-10
0.970000	2.591859e-10
0.980000	9.964387e-11
0.990000	0.000000e+00
0.000000	0.000000e+00
0.010000	3.785574e-11
0.020000	1.005021e-10
0.030000	2.596483e-10
0.040000	6.575303e-10
0.050000	1.632187e-09
0.060000	3.971437e-09
0.070000	9.472159e-09
0.080000	2.214490e-08
0.090000	5.074833e-08
0.100000	1.139969e-07
0.110000	2.510079e-07
0.120000	5.417572e-07
0.130000	1.146159e-06
0.140000	2.376883e-06
0.150000	4.831628e-06
0.160000	9.627239e-06
0.170000	1.880323e-05
0.180000	3.599860e-05
0.190000	6.755556e-05
0.200000	1.242678e-04
0.210000	2.240674e-04
0.220000	3.960231e-04
0.230000	6.860953e-04
0.240000	1.165119e-03
0.250000	1.939447e-03
0.260000	3.164517e-03
0.270000	5.061260e-03
0.280000	7.934719e-03
0.290000	1.219343e-02
0.300000	1.836716e-02
0.310000	2.711937e-02
0.320000	3.924991e-02
0.330000	5.568254e-02
0.340000	7.743206e-02
0.350000	1.055465e-01
0.360000	1.410224e-01
0.370000	1.846944e-01
0.380000	2.371049e-01
0.390000	2.983655e-01
0.400000	3.680253e-01
0.410000	4.449671e-01
0.420000	5.273504e-01
0.430000	6.126207e-01
0.440000	6.975978e-01
0.450000	7.786452e-01
0.460000	8.519127e-01
0.470000	9.136326e-01
0.480000	9.604375e-01
0.490000	9.896637e-01
0.500000	9.996021e-01
0.510000	9.896637e-01
0.520000	9.604375e-01
0.530000	9.136326e-01
0.540000	8.519127e-01
0.550000	7.786452e-01
0.560000	6.975978e-01
0.570000	6.126207e-01
0.580000	5.273504e-01
0.590000	4.449671e-01
0.600000	3.680253e-01
0.610000	2.983655e-01
0.620000	2.371049e-01
0.630000	1.846944e-01
0.640000	1.410224e-01
0.650000	1.055465e-01
0.660000	7.743206e-02
0.670000	5.568254e-02
0.680000	3.924991e-02
0.690000	2.711937e-02
0.700000	1.836716e-02
0.710000	1.219343e-02
0.720000	7.934719e-03
0.730000	5.061260e-03
0.740000	3.164517e-03
0.750000	1.939447e-03
0.760000	1.165119e-03
0.770000	6.860953e-04
0.780000	3.960231e-04
0.790000	2.240674e-04
0.800000	1.242678e-04
0.810000	6.755556e-05
0.820000	3.599860e-05
0.830000	1.880323e-05
0.840000	9.627239e-06
0.850000	4.831628e-06
0.860000	2.376883e-06
0.870000	1.146159e-06
0.880000	5.417572e-07
0.890000	2.510079e-07
0.900000	1.139969e-07
0.910000	5.074833e-08
0.920000	2.214490e-08
0.930000	9.472159e-09
0.940000	3.971437e-09
0.950000	1.632187e-09
0.960000	6.575303e-10
0.970000	2.596458e-10
0.980000	9.975795e-11
0.990000	0.000000e+00
0.000000	0.000000e+00
0.010000	3.790530e-11
0.020000	1.006981e-10
0.030000	2.601325e-10
0.040000	6.587008e-10
0.050000	1.634958e-09
0.060000	3.977859e-09
0.070000	9.486736e-09
0.080000	2.217729e-08
0.090000	5.081882e-08
0.100000	1.141470e-07
0.110000	2.513209e-07
0.120000	5.423962e-07
0.130000	1.147435e-06
0.140000	2.379379e-06
0.150000	4.836403e-06
0.160000	9.636177e-06
0.170000	1.881960e-05
0.180000	3.602792e-05
0.190000	6.760694e-05
0.200000	1.243559e-04
0.210000	2.242148e-04
0.220000	3.962646e-04
0.230000	6.864817e-04
0.240000	1.165723e-03
0.250000	1.940369e-03
0.260000	3.165892e-03
0.270000	5.063260e-03
0.280000	7.937555e-03
0.290000	1.219736e-02
0.300000	1.837245e-02
0.310000	2.712629e-02
0.320000	3.925872e-02
0.330000	5.569344e-02
0.340000	7.744511e-02
0.350000	1.055616e-01
0.360000	1.410392e-01
0.370000	1.847124e-01
0.380000	2.371231e-01
0.390000	2.983827e-01
0.400000	3.680403e-01
0.410000	4.449783e-01
0.420000	5.273563e-01
0.430000	6.126201e-01
0.440000	6.975898e-01
0.450000	7.786292e-01
0.460000	8.518890e-01
0.470000	9.136021e-01
0.480000	9.604015e-01
0.490000	9.896241e-01
0.500000	9.995613e-01
0.510000	9.896241e-01
0.520000	9.604015e-01
0.530000	9.136021e-01
0.540000	8.518890e-01
0.550000	7.786292e-01
0.560000	6.975898e-01
0.570000	6.126201e-01
0.580000	5.273563e-01
0.590000	4.449783e-01
0.600000	3.680403e-01
0.610000	2.983827e-01
0.620000	2.371231e-01
0.630000	1.847124e-01
0.640000	1.410392e-01
0.650000	1.055616e-01
0.660000	7.744511e-02
0.670000	5.569344e-02
0.680000	3.925872e-02
0.690000	2.712629e-02
0.700000	1.837245e-02
0.710000	1.219736e-02
0.720000	7.937555e-03
0.730000	5.063260e-03
0.740000	3.165892e-03
0.750000	1.940369e-03
0.760000	1.165723e-03
0.770000	6.864817e-04
0.780000	3.962646e-04
0.790000	2.242148e-04
0.800000	1.243559e-04
0.810000	6.760694e-05
0.820000	3.602792e-05
0.830000	1.881960e-05
0.840000	9.636177e-06
0.850000	4.836403e-06
0.860000	2.379379e-06
0.870000	1.147435e-06
0.880000	5.423962e-07
0.890000	2.513209e-07
0.900000	1.141470e-07
0.910000	5.081882e-08
0.920000	2.217729e-08
0.930000	9.486736e-09
0.940000	3.977859e-09
0.950000	1.634958e-09
0.960000	6.587008e-10
0.970000	2.601295e-10
0.980000	9.987804e-11
0.990000	0.000000e+00
