3.300361
6.286470
6.483686
5.339560
6.307425
5.931174
6.930838
4.462096
6.513680
7.220722
6.822562
7.631332
4.690939
4.220680
5.316975
7.031285
5.590571
6.354354
4.722874
5.674793
5.408612
6.615282
5.583625
4.435956
5.547022
7.290711
3.799379
5.960746
5.405464
7.180432
6.021999
5.940163
6.937967
5.295358
6.557064
4.230322
5.708861
7.020206
5.007327
3.303829
6.182357
7.724670
3.892006
5.516845
4.980142
6.807456
5.476277
4.676181
5.841362
6.157547
7.045349
4.390831
5.019384
7.017087
4.857495
5.692302
6.849690
7.230249
7.010408
6.408107
6.223290
5.862460
6.455272
5.772822
5.700037
5.174366
6.392899
5.761054
6.996195
6.934912
6.286337
4.626718
7.580662
7.057900
6.724293
6.132979
6.114204
6.546415
5.369773
5.957250
5.466083
4.729483
7.228296
4.755611
6.042453
6.775347
5.470062
6.371022
7.160900
4.465717
7.040455
5.669719
6.205495
7.215397
5.293247
5.490155
6.296745
5.321634
7.880885
4.188859
5.210809
5.427588
7.136228
6.267605
7.282355
5.184286
7.180123
5.566243
6.025437
5.095432
3.989177
6.505590
5.206767
5.529461
5.658112
5.864735
5.105747
5.883202
6.091080
6.577148
5.695648
3.881522
5.356300
7.029967
7.480312
5.997338
6.938407
7.350822
6.720736
6.976365
5.122874
5.166593
7.785929
6.450970
6.746898
4.318464
6.362416
5.627517
5.551109
7.017650
6.256749
7.031571
7.366486
5.926172
5.525421
6.295342
6.370854
5.647058
6.666540
5.971733
4.649336
7.108343
6.607651
6.359383
6.293133
6.325239
8.224072
7.323067
7.271013
6.024859
6.122124
6.093829
5.307875
5.617861
6.421629
5.033233
5.004773
6.001394
6.272048
4.346096
8.434767
4.677712
6.836642
4.726086
6.448980
5.672845
4.479019
5.918550
5.927236
4.739688
4.886454
4.184959
6.207649
5.329892
4.864346
5.653338
3.929552
5.818922
5.536201
5.539057
6.524114
7.468678
5.683497
6.220358
4.587058
8.612022
6.959826
6.152990
6.367816
5.543619
5.713674
4.608342
6.609525
5.601443
6.154215
6.219420
4.974223
6.923336
8.594509
7.319077
7.287629
6.362985
4.506454
6.054840
5.837873
5.049710
6.121891
4.264736
5.962561
4.076409
6.314220
6.098471
8.158539
6.800069
3.494911
5.368349
6.948748
7.239186
7.259286
4.614297
6.740521
5.052493
7.515936
7.867386
5.909717
5.583362
6.834163
6.096205
6.345062
4.454247
5.743808
6.320476
6.687066
5.195560
5.721854
6.376273
6.495895
4.393338
7.600165
5.317241
7.582575
6.840093
5.128746
4.436161
6.737903
6.173199
6.428894
5.891264
5.093431
6.485215
6.070618
6.921645
5.348916
5.390496
5.508699
4.636175
5.100586
6.032487
5.611774
5.360263
5.504627
8.516060
5.018803
6.524866
4.510234
5.249275
5.057310
4.082097
4.896632
7.678945
4.957767
5.431832
6.348416
5.904368
7.098493
4.843668
4.803600
5.653612
4.015444
3.358629
6.308750
6.106723
5.911277
5.154968
6.615563
6.050234
6.398048
6.362469
3.753285
6.847339
4.207936
5.309606
6.811331
5.708131
6.606353
5.187932
7.166481
6.744246
6.241826
5.118090
4.389040
5.292325
7.167017
4.601802
6.062315
5.990631
6.765268
5.344224
5.749813
6.093227
6.317030
5.431035
5.344505
7.506078
7.940565
6.844637
4.034555
8.029440
6.641288
5.303845
6.119872
6.290941
6.204129
4.411433
6.913870
6.853694
7.663288
5.093920
5.964813
5.983841
5.083751
5.317967
5.831102
6.561901
5.388956
6.067759
6.644909
5.622281
6.968977
4.567748
4.698502
6.005344
4.803592
7.735137
6.287656
6.606396
5.834629
6.846465
5.046521
5.705976
5.321945
5.402692
8.008314
6.865818
5.917432
7.177135
4.626225
6.874860
6.191408
6.430644
5.988891
7.229678
6.345780
7.278386
4.464839
6.633722
7.848346
6.192626
6.010247
5.999720
5.722619
7.625852
6.374415
7.439635
6.227541
6.738654
6.437321
7.726547
4.661461
6.216702
5.913620
6.712828
7.024765
5.161215
4.657488
6.188997
5.275515
5.037293
5.802657
7.667617
5.912483
6.664479
6.972039
6.576628
5.619953
5.233942
5.791303
6.346463
5.708668
5.336638
5.940782
3.875349
4.087290
5.986834
6.980082
4.857153
4.498756
5.625371
5.179775
5.456155
7.755900
6.087039
4.594548
5.813112
6.710718
5.516433
5.612178
4.867006
4.691649
4.216674
8.212713
6.976831
5.143255
5.415368
5.172236
4.827815
6.202657
3.932171
5.445580
7.106428
5.947125
4.732347
4.962378
6.428573
7.047181
4.350682
6.070813
4.005326
6.559591
6.170136
6.863452
5.530593
6.594630
6.539606
4.619532
6.775069
6.591990
6.715179
5.598077
5.370876
5.939698
5.609238
7.416223
6.271243
6.670436
5.331815
4.247120
6.369613
3.969624
6.508547
7.071788
5.762546
5.229642
5.359619
7.219307
6.140800
5.384580
6.524077
5.429707
6.792960
7.259867
8.613862
5.673945
7.705986
6.671181
6.481972
4.965330
6.247066
6.006990
5.189100
6.396783
4.911140
7.029120
6.653133
5.638298
6.618472
5.625709
5.965892
7.128987
5.046649
5.250931
6.361484
6.198079
6.481374
4.785862
6.820634
6.349247
5.670438
6.554869
7.295384
5.942641
5.165236
5.231878
6.538526
6.509004
7.634213
5.370928
5.522147
4.930239
6.632599
6.295349
6.429659
7.720807
5.312832
6.079973
6.205695
4.644335
5.560014
7.360728
5.648232
5.899793
7.036802
5.706001
4.027336
6.111639
6.622097
6.284151
4.214885
6.358287
6.727897
6.561526
7.309662
6.473278
4.978715
4.765389
6.742170
5.853537
6.737903
6.846093
4.843578
6.009083
4.965291
7.672917
4.863134
7.088565
6.890489
7.197908
6.418453
6.615011
6.986241
5.322116
4.363035
5.666148
3.726203
6.198604
7.055396
4.733686
6.611524
3.706593
5.014183
6.495922
4.950590
7.831127
7.943656
6.738063
8.876331
6.682632
4.113901
5.654611
6.085439
6.890742
6.080153
5.768223
5.783891
6.106764
4.725613
4.699382
7.323150
6.349170
5.612122
7.021290
7.011403
5.926469
7.623064
5.434326
3.584235
4.671855
5.882896
6.494471
5.819093
5.223997
5.937650
5.130058
5.777932
7.088341
5.180804
6.181225
5.162399
6.213314
7.508888
4.196452
6.265953
5.815787
5.191199
5.720552
4.007275
5.190183
4.938005
6.308492
5.529355
6.235605
6.151608
6.499416
5.848627
4.435353
5.344647
5.985253
8.038532
5.023214
5.710008
5.208279
7.431870
6.070887
5.826724
5.622005
5.326338
4.230933
4.486230
6.849775
4.677609
6.869612
6.623368
5.975442
5.264332
6.323989
4.336484
6.200497
5.809446
3.017686
6.981027
6.102036
7.542146
6.169649
5.321006
5.725918
7.684917
5.830303
4.722676
6.749519
7.349981
6.979487
5.374844
6.948429
5.329546
5.420514
5.520157
6.201486
5.264228
7.204766
6.681751
6.268510
6.674027
8.321170
5.869640
4.575123
6.336214
4.384949
5.751212
8.239018
4.494534
5.060006
6.770216
5.572063
4.384068
4.949337
5.198602
5.292608
6.556153
7.687828
7.105609
6.682368
4.487721
4.971825
8.228455
6.922271
5.959439
7.259844
4.729016
5.841628
5.687022
5.878795
5.820869
6.315006
6.690098
5.270108
5.251067
7.541194
4.882987
8.110119
7.621031
5.438606
6.371796
6.039097
5.530919
4.391532
5.942167
4.733299
6.531870
5.581580
5.222092
6.054404
5.870467
5.138704
6.004142
7.010728
6.009831
5.346191
7.211494
7.264567
5.911683
6.133968
7.992142
4.920074
6.063779
5.094626
6.425642
5.326013
6.237079
5.256513
5.326794
5.627792
5.957024
6.848289
5.630616
5.803133
5.673301
7.289309
5.842992
5.915760
7.612472
5.640212
6.041370
5.321481
5.297835
7.748089
6.909886
5.561037
7.720901
5.320604
6.293285
6.674094
5.148852
6.163453
5.754012
5.668751
5.552365
6.815515
7.616858
6.880944
5.638169
7.816097
4.985528
6.958112
5.470717
6.838625
6.215506
7.201511
5.667339
5.925167
5.327592
6.001542
6.151262
7.056166
6.846496
5.100477
5.446864
7.289743
7.548849
6.416942
7.501535
5.704963
7.605010
6.166554
4.018535
5.383434
4.599058
5.013071
6.285199
7.663599
4.911321
5.984431
5.480894
5.902118
5.947835
4.888064
7.449073
6.976706
5.701102
5.959845
5.917825
5.764791
6.126520
6.481062
7.153284
5.832387
6.818861
6.097782
3.030268
8.567544
7.473176
6.576977
6.504542
4.992752
5.614497
5.733799
4.471055
5.490675
7.080710
7.264373
5.992544
6.677590
5.742982
6.218473
6.882875
4.658911
5.948111
4.846481
4.629496
4.901159
5.167170
5.554972
5.639367
4.954769
5.334830
5.705333
6.792768
7.262101
6.363729
6.989757
6.289327
4.285029
5.318267
7.119023
5.770669
5.186487
5.732198
6.556402
6.704051
5.300344
6.554396
7.032092
6.011351
5.623983
5.207170
5.572542
7.927800
6.567965
6.241507
6.779041
5.074828
5.197142
6.073602
6.089951
5.731385
7.197601
6.287078
5.760962
6.288136
4.803820
4.985242
7.297734
4.868883
6.920393
6.677771
8.075306
4.103605
7.672719
6.186193
4.878654
6.037478
5.621019
6.052549
4.098761
5.160261
6.872055
4.935592
6.318580
5.540419
4.322930
5.478923
6.023268
6.048352
5.271347
5.135416
5.169058
4.653115
6.626695
5.432322
5.345155
5.776999
7.956338
6.161420
6.263014
5.692346
5.601488
5.978591
6.307398
6.944976
5.097032
6.897191
7.883569
7.788602
6.129688
5.159603
5.295005
5.614605
5.268866
4.971329
5.885998
5.361547
6.704611
4.582013
4.183532
5.888789
6.227000
6.197758
5.772794
7.298607
4.681365
7.209123
7.640710
6.191158
6.133731
5.219159
7.721869
6.836687
4.980825
4.355880
7.381215
7.249348
7.239042
3.353524
4.567882
7.147006
6.246744
5.886993
5.374548
6.781404
6.014261
4.643841
4.736680
4.623064
5.455976
5.618181
5.006047
4.885301
4.738858
5.110901
6.132876
5.871726
6.981835
4.920542
4.191024
5.131602
4.540362
6.209232
4.980545
6.407444
6.110575
6.528046
5.442023
7.359229
6.887400
5.486155
3.617048
7.049588
6.010989
4.548159
4.889209
6.174366
8.535866
4.443965
4.239980
7.022914
6.157146
5.675586
6.253877
6.152489
3.928214
5.605244
4.607246
5.761151
6.204237
5.609142
6.775087
4.743511
8.045873
5.781289
7.690254
7.413718
6.317564
4.671746
7.089428
5.880062
6.714788
6.543670
6.280241
4.055558
4.954636
5.633539
7.063900
6.288891
6.364092
6.898915
5.547722
7.600106
7.100403
6.738137
5.581925
6.505392
6.237892
7.166315
5.555064
5.415375
4.955611
5.931991
6.282487
6.591253
7.060190
4.058857
5.722181
6.643174
5.078278
4.296890
6.252387
6.555233
5.152924
5.967286
6.245358
5.221441
4.978302
6.685576
4.671632
7.477068
6.007132
5.447281
4.469202
5.609712
6.165188
6.560494
5.411947
7.334490
6.307251
4.909765
7.211713
6.217707
5.648904
6.035655
7.588406
6.533386
7.408526
6.514341
6.042482
5.537044
5.893861
5.121641
6.064198
4.141066
6.267556
4.265845
6.514016
6.976079
7.226015
5.173714
5.908511
4.822673
6.825964
7.314030
5.346184
5.397871
5.693098
5.543070
7.807538
6.480703
5.847181
5.456376
5.563793
6.361268
5.377974
5.431205
4.428622
6.597658
6.206371
4.844020
5.587283
6.065121
8.165116
5.947412
4.737509
6.281826
6.633469
5.890814
5.276553
5.995626
3.960210
6.369397
7.268737
6.016175
4.909346
5.385507
5.927906
6.276785
7.362890
6.607031
6.349144
8.110388
6.515108
5.807056
7.224129
6.723995
4.792585
5.869213
5.274510
5.856007
5.734504
5.843054
6.137681
5.600765
5.067502
6.533870
6.439311
6.384714
5.209477
6.111291
7.787026
8.078550
5.436732
6.221075
7.419607
5.229730
4.948822
6.084434
7.246076
6.399719
6.065478
6.069293
6.009054
5.590343
6.789988
6.217839
5.306764
6.743640
5.973408
7.214751
7.208040
6.299558
6.313984
6.280477
5.194744
6.795900
5.426138
7.473931
6.165941
4.494874
6.213430
6.888997
4.238216
6.020636
7.779832
7.229196
7.076515
4.992185
6.113719
6.244909
5.489870
5.636004
6.778935
6.517525
5.026404
5.362807
6.847312
5.074885
6.301962
6.292769
5.307027
5.322395
6.796776
6.713628
5.181153
5.774200
6.854510
6.456013
5.590801
4.068768
6.618083
7.170388
5.997210
6.753284
4.636622
5.489981
6.857169
7.321212
5.877947
6.064075
6.926145
4.987406
6.880938
5.446037
5.443491
5.685149
7.782173
4.820455
7.434105
5.769484
5.951208
6.553761
7.360929
6.911224
6.968879
5.552723
5.362638
5.666013
5.682988
6.415158
6.310926
4.202800
5.075765
6.357277
5.921734
6.676127
7.677464
6.901997
6.154813
6.726576
3.260489
5.312625
6.135994
5.593779
5.548399
4.756277
5.836536
5.326336
5.674189
6.181404
6.743925
4.573050
6.122209
5.893812
7.758511
5.439817
4.888108
3.815536
6.550348
7.896581
6.591158
6.410952
6.610606
7.218702
7.273361
5.264503
5.231949
5.947130
6.619684
7.294412
5.652239
4.851745
7.333820
5.586751
5.595942
6.382256
6.403844
7.834247
4.447617
7.091013
5.992124
6.364210
5.291860
6.512126
6.683891
4.739930
6.054081
6.981254
5.828813
5.919952
5.976475
6.880446
6.709971
6.959575
5.663592
5.792400
5.274593
5.238966
6.931839
9.048524
5.160943
6.202268
4.697333
5.155176
5.755716
6.592055
5.136447
6.582443
5.016332
7.163537
6.353439
6.399854
4.792497
3.862867
5.789536
6.243380
4.381401
5.453940
5.607850
6.098121
6.050945
5.578046
8.288496
6.381030
6.265346
6.230773
6.668294
3.808070
5.347525
4.640506
6.659418
6.530166
7.312624
5.532919
5.881387
4.022327
5.607047
6.765832
3.440752
5.210325
7.487396
4.318800
5.092866
5.319290
4.773670
3.621812
6.020108
5.928610
7.711107
6.207478
6.460942
3.717501
4.675045
4.671081
5.424170
5.385627
5.453177
4.922858
5.722779
5.233144
5.839570
5.716901
5.561734
5.884542
6.274830
5.441035
4.914102
6.640661
6.266780
6.152065
5.919882
6.943260
6.326038
5.840754
6.541919
6.436500
6.150854
5.910917
6.713268
7.109738
7.795598
4.856998
6.210385
7.005983
6.557255
5.124508
6.486537
6.980412
7.314326
6.137704
5.699774
3.993302
5.052485
6.478872
5.169870
6.421762
5.311385
6.203603
5.498587
6.874641
7.286978
6.276426
4.587646
6.994986
6.323730
6.111180
5.788780
4.734418
4.531104
7.200496
6.420237
5.583813
4.258682
6.818766
6.884120
6.244655
5.164309
5.782971
6.618925
7.225436
6.609626
7.255750
5.121663
6.847479
6.117373
6.575076
5.273941
7.144565
7.624835
6.094920
5.206361
5.140732
5.267799
5.021276
5.935637
6.990616
6.429417
5.227925
6.008786
5.466727
5.788321
6.036302
6.388774
6.278014
7.100391
4.943864
6.815992
6.704110
7.448539
5.285301
6.879940
7.029625
5.694881
6.811000
7.035488
7.262858
5.869683
7.167111
6.798094
7.623317
4.231443
5.261601
7.352348
7.282401
6.732498
6.500669
7.808229
5.841643
5.624512
5.879900
6.339434
5.032865
6.938250
5.914528
5.438167
4.124643
7.571974
6.393187
5.520756
7.519439
5.722871
5.939518
4.118476
5.025783
4.395866
7.366022
5.887950
6.289879
6.724209
6.804514
6.675510
4.871010
4.836198
5.597573
5.869882
5.445118
7.002422
5.935343
6.277580
5.620932
4.797901
6.222080
5.755377
5.853019
6.013486
4.156806
5.834239
6.936132
6.050904
7.512446
6.569075
4.565239
6.535828
7.597835
5.848706
7.445593
6.883326
4.386949
6.400408
6.437230
7.550091
6.299762
6.723405
6.218263
6.707804
7.619079
6.185707
7.951354
6.072019
7.527729
6.518632
4.437730
5.620939
6.750506
6.943430
5.243130
3.938464
5.785207
7.164346
4.280039
6.915872
5.707166
6.462520
5.330607
6.546527
4.531649
4.125090
4.994613
5.547977
5.118477
7.443877
6.546853
5.545815
6.603271
6.518026
5.188322
5.553690
5.339676
8.094971
5.175581
3.483828
7.336948
6.684110
7.312659
6.422453
4.177281
4.177564
6.289891
5.404470
4.397241
7.212379
5.354047
6.421791
6.317686
5.508571
7.794140
6.399684
6.306552
6.417368
6.727278
5.875506
5.458870
4.914035
6.668940
4.114213
6.678397
7.269654
4.372061
5.395004
6.145235
4.636233
7.419275
7.203487
7.153807
6.779522
6.052716
7.063740
6.305575
6.193907
6.725745
6.744632
5.040859
5.833758
4.860970
5.574795
5.494159
4.695615
7.298942
5.600607
6.657322
6.485564
5.921899
7.321571
6.834951
5.606213
5.936938
6.737462
6.376434
4.697602
4.302981
5.441615
6.668942
4.966460
4.785912
6.494729
5.375807
5.538159
4.126277
3.813568
5.904620
5.065747
5.803889
7.808927
6.089451
5.830441
7.883746
5.007238
4.071554
5.567947
7.427614
6.390202
5.362926
5.254988
5.955667
7.186799
5.077112
5.090404
6.442544
5.852085
6.311616
4.905219
4.332207
6.967112
4.666298
5.236028
8.055973
5.794380
7.882134
4.296095
4.538096
7.223175
8.584714
6.078529
5.173272
5.839173
6.116846
6.825915
6.760439
5.852695
4.444653
6.100773
5.877261
7.619969
5.121524
3.691229
6.179647
6.491790
6.294309
6.586257
6.110706
5.723950
5.736119
6.254884
4.503494
7.183806
5.890117
6.463718
6.561937
7.587366
5.908667
4.867188
5.704302
6.001270
5.672220
5.604859
5.753592
5.344039
6.772313
6.140203
5.959244
4.620962
5.443053
5.575204
6.334491
5.627006
5.425462
6.675162
5.793783
2.852113
6.749059
5.838081
3.574626
6.323273
6.415055
7.243012
6.428224
7.117728
4.965529
5.411723
6.063288
5.281705
6.922972
7.418078
5.327400
5.889034
7.084564
6.979497
6.610303
6.974036
4.655559
5.664860
6.953479
6.073055
6.206165
7.453260
4.350412
8.109004
5.436276
5.877944
6.721894
6.353308
6.732447
6.989842
5.050757
4.199612
4.501476
5.375049
7.160404
6.483629
8.264977
7.460641
7.621509
5.083513
5.499306
7.343191
5.271276
5.535117
5.205237
5.374364
5.829608
5.396522
5.191733
4.737975
5.096591
7.096211
6.058216
4.252871
6.215634
6.999252
3.859694
4.636016
4.486677
5.425887
5.439122
5.460163
6.213804
5.356874
7.411376
5.040475
6.071669
4.559982
4.783219
5.484481
6.475090
5.872001
7.193615
6.139731
6.436189
5.370640
6.758794
5.673538
4.393464
5.170701
5.506420
6.019170
6.497153
6.578888
4.383245
6.422872
4.835272
6.341635
4.820630
5.826101
6.084707
5.720331
5.842295
5.817328
6.071724
5.128310
3.698686
6.387805
4.726281
6.063980
6.012327
6.725659
5.914516
5.074475
6.418533
6.282691
4.633776
4.484196
6.685856
7.348257
5.054578
6.622622
6.300648
6.364598
6.893866
5.285764
5.500109
6.218010
4.603939
5.165630
4.738190
6.740207
5.861434
7.982093
5.568744
5.654278
5.840725
7.051518
6.930277
5.199583
6.756130
8.026537
6.816690
5.669997
6.157281
5.541338
6.318386
5.099844
6.462053
6.496847
5.018107
6.331915
6.211410
6.720181
5.725883
7.701950
5.530557
4.732738
8.537475
6.573936
5.280752
6.361313
5.200668
5.960624
8.386186
4.926595
7.773811
6.463610
6.820269
5.743440
7.560960
6.767391
5.735730
3.667288
5.308008
5.921730
5.222875
3.421088
5.644188
6.646745
5.180409
5.437127
6.753295
5.895065
6.783173
7.948117
5.259029
6.905445
6.031180
5.061932
5.308827
5.982214
6.864329
5.554356
5.840549
7.234924
8.327167
5.114231
7.016402
5.512584
5.268069
5.775365
6.808484
7.766840
5.057225
5.269587
7.720298
6.078497
6.807794
6.035319
6.628643
6.581737
6.584615
6.616039
4.730234
5.520419
7.084829
7.183017
5.577432
7.670838
4.274817
5.916684
6.187464
3.365311
6.467792
5.981025
6.209504
6.350965
6.326461
3.825367
5.133988
3.718113
6.275089
5.547927
6.528540
5.132578
5.805384
7.055511
6.284889
4.606347
5.160534
4.753719
4.861144
8.040941
6.881814
3.502060
4.503802
7.777846
7.702095
5.568314
5.433876
6.390418
6.270675
5.316556
6.981499
5.951606
4.193763
6.363182
5.653399
7.011887
6.875024
3.935337
5.117602
7.521773
6.640547
7.166107
6.089756
6.933282
5.632604
5.060855
6.105427
5.714738
5.956595
5.869075
5.162773
4.513264
5.565529
7.596133
5.219941
7.199373
4.366439
5.389286
5.531584
6.028004
5.033091
4.532331
7.808858
6.150386
5.009366
4.783285
7.187284
6.711112
6.187694
5.789446
3.986846
5.764793
6.746909
4.314229
4.248701
5.246667
4.633909
7.010139
5.032871
5.231533
6.173475
7.472267
6.461302
7.715395
5.290659
5.306677
6.490658
7.154188
4.830080
5.948055
5.399221
4.993952
4.456525
5.961011
5.972283
5.426843
5.621227
7.559388
6.370401
5.607346
6.078181
6.077973
6.664882
4.563065
6.434899
8.130966
6.024882
7.034478
8.221948
8.191599
6.540494
5.478006
5.965677
6.327272
4.666194
5.466808
5.748480
7.824576
6.269024
4.723633
7.740989
5.438591
6.265887
7.020148
6.190568
6.000819
4.834330
6.177081
6.350475
8.120141
4.181182
7.399579
4.834077
5.711164
6.853439
5.182137
6.878487
5.084334
5.575747
5.017493
6.002001
5.332194
6.598885
5.143840
6.539707
5.746162
4.543598
5.564758
6.541645
4.998191
6.724174
4.576211
6.517891
4.821710
6.936126
7.035013
5.514935
6.926200
4.692369
6.603111
5.007741
3.879788
6.892248
5.202084
5.091848
7.694236
5.907810
6.912216
6.459899
5.846696
5.071683
6.550524
7.646971
6.472605
6.550947
6.162123
7.029070
4.464105
4.591356
6.659284
4.059185
4.208347
6.116308
5.842584
7.225260
6.700071
5.664919
7.038501
7.214469
4.762818
7.653585
7.587851
5.768156
6.113170
6.945408
6.419416
6.711836
5.002380
5.711852
6.943165
6.644612
6.169760
6.571016
6.497418
8.772390
5.842230
6.986896
5.584354
5.369274
4.514364
5.913997
4.128210
7.351505
3.243345
5.671691
6.990568
6.448325
5.193181
4.032687
6.977099
5.454140
6.162559
6.509979
5.570128
5.046355
5.830725
5.826662
7.621415
6.653263
6.455754
5.552986
7.239507
5.856352
5.759582
6.895012
7.106053
4.811415
4.734191
6.619265
6.455439
5.172830
7.103299
6.097740
6.952140
8.005391
5.173955
5.457652
7.700142
7.168065
6.812392
6.820290
3.618826
6.654045
6.278528
5.613362
6.419677
6.371474
6.653483
6.941200
5.418202
4.849226
6.594488
4.997200
4.415425
6.352102
5.151561
7.502876
7.883340
5.889833
6.380329
7.157898
5.688692
6.604249
5.485366
5.085494
6.589463
8.019002
6.228417
4.257584
5.738441
5.636211
7.335903
6.884028
4.428237
6.364407
4.640054
5.750364
5.312142
6.262151
5.688074
5.488399
7.335182
6.081698
7.553683
6.764043
5.609756
7.097093
5.585442
5.366752
6.470224
4.701056
5.826208
4.184957
5.940835
8.255047
6.838114
6.051858
5.851352
4.676877
6.667442
5.445945
5.834757
6.250247
4.683755
6.030641
7.441417
5.140578
6.027684
7.017427
7.604075
4.101526
6.401720
7.336828
5.688046
6.856532
7.938411
6.601630
5.360998
4.639810
5.880316
5.846724
5.516684
4.381123
3.806108
6.029917
6.487000
7.018738
6.137191
6.278119
6.776761
6.424930
4.659212
5.863257
6.555543
5.428407
5.792839
5.892307
5.140987
3.418036
5.348185
5.695809
6.707935
6.012241
4.497241
6.899243
5.457764
7.278456
5.698714
5.161642
5.482308
4.986989
5.309622
4.565817
6.556730
5.383700
4.618036
3.644567
6.095726
6.965842
5.031339
5.027254
5.507430
5.745454
7.154380
5.691107
6.179408
6.484680
5.491890
4.801645
6.331100
5.387384
6.509547
7.126581
6.967090
4.731441
5.788052
6.007593
6.165591
5.926074
7.004605
4.874322
5.936499
5.478618
5.476141
5.284992
4.883409
6.355081
5.998713
6.478011
5.903958
7.218877
5.717395
5.418930
6.162879
6.032116
6.761068
5.327147
4.572120
5.503804
7.376488
6.666712
5.012441
5.869355
4.295980
5.585629
5.530817
6.485771
7.073165
7.788012
6.748066
7.726869
6.121068
6.823478
6.711042
5.662938
5.187002
8.778153
6.423796
5.009185
6.998587
4.351667
6.292054
5.827367
5.815293
6.304503
3.715413
5.464962
3.619872
6.260091
5.061606
7.216270
4.684059
5.846005
6.257230
5.189807
6.242914
6.158654
6.229301
5.866379
7.012184
7.535828
6.432010
6.832201
6.283057
6.621483
6.693069
6.171440
7.328679
7.707141
6.614003
7.002559
3.856822
4.334267
7.758776
6.642834
6.243062
7.142018
6.865121
5.885415
5.278855
6.944720
5.312949
4.873322
5.168875
6.023461
4.084220
5.054725
6.512000
5.616170
5.448633
7.703915
6.000313
7.590555
4.609527
4.492304
6.570497
5.284276
5.544368
6.593868
5.741992
5.496738
5.274175
7.809378
5.876305
6.616860
5.796297
6.193804
6.091828
5.871211
6.914873
6.671275
6.568553
4.676879
5.203393
6.121954
4.977054
6.083457
5.333697
6.425223
6.766110
7.288508
5.005814
4.943530
8.043349
5.210897
5.713006
3.931292
5.783283
5.106356
7.576384
9.353220
5.097106
5.209664
5.483489
4.596443
6.298644
5.387806
6.765195
5.560806
5.500812
6.788505
6.645324
6.611717
4.476973
6.468476
6.697337
6.879914
5.521559
5.985807
4.542478
7.392540
5.044337
5.940810
6.023755
5.519879
7.632687
6.449749
5.090118
7.222155
7.316283
5.535792
5.625224
4.580742
7.768533
7.421579
4.455155
5.098181
5.179165
6.707782
5.769460
5.251370
6.532328
6.422014
6.189913
7.782296
6.024590
5.922485
6.721342
7.210701
6.357200
5.640766
7.818918
6.053041
5.636993
6.648036
6.806271
5.232117
4.620314
7.029195
6.878816
6.161760
6.034333
7.049213
6.926651
5.990934
5.710130
7.096084
5.411417
7.491648
7.261918
7.384779
5.531487
5.075025
7.046791
6.406543
4.909858
6.419941
5.139354
5.107945
5.039123
7.198566
4.055632
5.784029
5.717900
5.383221
4.960614
5.669957
5.713089
5.618902
5.093817
4.215507
4.882338
5.145850
7.147242
5.026814
3.991085
4.756549
6.330099
6.459718
5.458552
6.271524
7.854673
4.849100
6.267082
6.018308
7.577707
6.358582
7.269166
5.797960
7.531680
6.434956
7.126557
6.823511
7.080353
6.851730
5.115844
6.114700
5.432952
5.326162
5.034842
5.833394
4.251375
7.694148
5.444206
5.044047
6.084787
7.627355
6.478605
7.383591
6.365988
6.876958
5.461871
6.125120
5.703918
4.028367
4.560457
5.119752
7.206680
6.751316
5.709622
7.101037
6.569460
6.529687
6.046678
6.836291
6.661712
5.855443
7.085701
5.609225
6.347985
5.871052
5.868072
6.518254
8.276765
5.444770
4.323222
6.074848
6.371719
4.663161
7.073951
6.586315
4.759693
4.725223
4.920716
6.807370
6.869865
6.222512
6.239233
5.344896
5.438409
6.789615
6.525797
6.300234
5.153052
4.109368
4.324676
4.633413
5.671900
6.257178
6.771956
4.733670
5.750907
5.368843
5.990229
5.680645
6.214360
5.616215
5.568473
6.680628
5.502757
6.475119
6.361517
6.162228
5.532451
6.269871
6.843464
6.015838
4.601445
7.978784
7.249439
5.461279
5.075689
5.285041
4.740046
4.027988
6.590286
5.857295
5.822902
6.132136
5.499954
5.844390
5.265628
4.735036
6.313136
6.568565
5.734672
4.567233
5.844127
5.401512
7.394331
5.402639
7.817591
6.807683
5.700358
6.867092
6.659850
5.539198
5.622526
7.265713
7.211310
6.966746
5.530513
5.913442
5.094412
6.530843
6.977504
6.453116
5.471464
5.297828
5.615864
5.645471
5.926758
6.604970
5.479268
6.115452
7.207309
6.779064
5.865667
5.539186
5.556630
5.912883
8.055448
5.756009
6.375884
3.683870
5.099186
5.289916
6.946820
7.199441
6.909343
4.764812
5.950834
7.853275
6.890300
7.697930
5.518562
7.176963
6.341092
6.155808
7.544358
6.671392
5.865228
5.757180
6.000041
4.602249
7.021961
6.507172
6.982285
5.744000
6.453388
4.947173
6.228027
6.056737
6.721761
6.104743
6.832267
7.280262
6.091372
7.727966
4.902637
5.429776
5.489393
6.288578
4.885109
6.177564
6.880054
7.238287
7.295223
5.105029
8.286513
6.002634
5.589210
5.809476
7.694820
5.196777
5.909377
5.849997
6.074323
5.547579
5.438141
6.516845
3.748918
7.006364
6.095074
5.408673
6.353490
4.536725
5.311344
3.802005
6.609943
5.061756
5.615925
6.797318
8.157185
5.055081
5.767950
7.226117
4.669437
5.260060
6.169571
5.303360
4.497254
6.021539
6.293732
4.009634
6.065621
5.714530
4.861187
6.187424
5.263508
5.754182
5.501178
6.335889
5.059249
4.671435
4.630121
6.088480
5.576138
3.738714
6.282686
6.357810
4.862588
5.630054
4.629652
6.132122
5.591261
4.600020
6.916891
6.907755
5.921519
6.665799
6.559882
6.741966
6.759584
7.276848
6.128110
6.910483
5.650774
6.956457
5.953737
5.154181
5.538198
6.399616
7.098916
3.499235
6.622281
4.511559
7.416114
5.635137
5.555491
5.871346
5.435840
6.834952
6.206651
7.104880
3.816132
4.402181
6.229197
7.651718
6.088189
6.628615
5.667779
6.410056
5.432522
5.247543
5.837556
3.744259
5.219996
6.366706
9.710576
5.339327
5.052140
5.865355
6.043610
5.386645
6.035096
6.239799
8.481819
5.585414
7.021596
4.881810
7.872619
6.444134
6.555319
6.774271
7.024135
5.366505
6.252024
5.588431
5.142602
6.006128
6.351819
5.167145
6.183103
5.374382
7.176958
7.378479
6.348007
5.185850
5.229518
9.324050
4.967486
5.925665
5.663351
5.886476
6.996497
6.123158
5.864680
5.600313
4.362581
6.316179
5.875705
5.830856
6.398875
6.190469
4.395610
5.245171
5.596702
7.378452
5.093334
4.559743
6.912119
5.401826
4.966480
6.549109
4.860787
5.242334
6.480750
5.299851
5.635554
7.025075
7.224270
7.694326
6.481119
6.298744
4.811175
6.108511
6.560141
5.397172
6.768849
4.308325
6.545189
5.366535
6.143173
6.528823
6.170893
6.942619
4.556169
7.720620
6.980673
6.062497
5.450412
4.947930
6.502423
6.395020
6.254587
5.922586
7.087532
6.374469
7.204555
6.658424
6.647602
7.221763
4.554319
5.230411
5.523249
6.437590
5.911261
4.622867
6.719359
5.251830
7.430008
7.651193
6.741177
5.513666
6.599329
5.941445
6.265594
4.506726
5.356422
5.952153
4.882023
7.173667
6.262957
6.022745
5.137222
6.234540
7.477281
4.432968
6.118450
6.683345
6.257123
6.457655
4.809335
6.147124
5.727203
6.401243
6.452807
6.591981
5.646103
4.596392
5.155502
6.860404
4.906779
4.351094
5.967984
5.524256
5.505100
4.828649
7.675180
5.537814
4.710767
5.844865
6.531391
6.175241
6.175010
5.566879
5.174258
6.736846
5.709419
6.097963
6.952062
4.508523
5.470304
5.932689
5.898723
5.458741
5.282930
5.266829
6.590885
5.157449
4.840041
6.146370
8.121453
6.401292
5.509008
5.440017
4.423959
4.029492
6.482004
6.619549
4.182136
6.414779
7.003573
6.332419
5.559069
7.113750
6.409959
5.750963
6.980306
6.161024
5.714583
6.682594
4.205293
4.491567
4.474039
5.425360
5.921517
5.975576
4.668979
5.353236
7.095731
4.550274
5.334262
7.215529
5.316630
5.933017
4.672759
6.134767
5.363359
6.400063
7.387159
7.287450
6.234231
6.115397
5.964179
6.252042
7.870012
6.493978
6.645538
6.008566
4.806175
6.083787
6.820072
8.574195
4.988481
4.451041
5.571369
6.259192
3.986253
6.552968
7.115298
6.527600
8.837750
4.082492
5.861798
7.447033
7.761980
4.269232
5.835319
5.711961
4.971349
5.621160
6.188276
6.224845
5.819516
7.091319
6.541895
5.219524
5.518828
6.153960
4.888827
4.911200
6.661707
6.274476
5.791907
6.657417
7.780369
6.257513
6.613428
7.614398
5.179250
6.957632
5.509308
4.873117
7.274509
6.836888
5.922525
7.059487
5.674988
4.853714
5.310194
5.383032
7.239001
4.167476
4.838663
6.118417
4.341327
6.143076
7.781001
6.504220
6.584788
4.139983
7.351251
7.043313
6.190774
5.570056
3.709831
6.189227
6.303109
6.708550
5.874447
3.402882
6.439608
7.742661
6.270901
7.564051
5.325730
7.542000
6.658167
4.721935
6.344671
7.635370
5.162111
6.169228
5.838298
5.878205
6.152223
5.824039
4.493283
6.295073
3.695748
5.904051
4.046818
4.581585
8.323582
4.877294
4.546287
6.750123
5.842307
6.673903
5.397262
6.403724
7.926752
4.143236
5.434214
6.122524
4.227437
5.740728
7.248294
6.447119
5.727293
5.428860
4.006576
5.943231
6.082019
5.776611
6.997128
5.832045
6.678455
6.241773
5.134283
6.670592
7.145359
4.620500
6.658504
5.566558
5.050935
4.648471
6.265184
5.411897
5.521517
3.738040
5.896796
5.619608
5.515764
4.835741
7.432734
4.848067
5.488749
5.384539
6.511241
5.197285
6.180318
4.375185
6.717788
6.361458
7.262085
5.471057
6.374289
5.222194
5.577455
5.190871
5.163515
3.366794
5.709026
6.133616
6.823089
6.015945
5.607774
7.230113
5.143442
3.845226
4.018366
6.005546
5.504089
6.184775
6.435001
5.837370
7.182621
7.081515
5.322140
4.192942
7.670768
6.708294
6.334501
6.831272
8.231921
5.604336
6.270701
6.953256
4.934488
6.231353
6.494912
5.284773
6.395444
5.329715
5.560913
6.077013
6.468475
6.559041
7.772906
7.008425
5.111067
5.907585
6.417478
5.972644
5.664926
6.354804
6.401077
5.736782
6.784109
6.271466
7.027383
7.454455
7.245231
6.041691
5.648949
6.017924
4.874126
5.391279
3.927474
6.233715
5.823338
6.906724
6.437112
4.806110
4.434823
5.229270
4.345152
5.112867
6.922223
5.408391
4.904485
5.757555
5.107099
5.899075
6.492199
7.882871
4.443498
5.687271
6.928700
6.229328
6.565215
5.027899
5.811724
7.923664
8.590145
5.279773
6.599613
5.981381
5.416083
5.321826
3.178238
5.507752
5.242362
6.035011
7.645938
7.581703
4.551685
7.334248
7.050851
5.806922
5.786549
5.234796
6.815011
5.514588
5.954614
6.437425
6.579595
6.602080
5.397409
4.916758
6.205676
7.992047
6.956741
4.997168
4.664877
4.696219
6.773181
5.400591
6.554290
6.468325
5.951010
5.750646
4.970042
8.030502
5.323990
6.017422
5.473866
5.857559
6.556349
4.387318
5.887082
5.503482
7.813331
4.042306
6.646330
5.454551
5.235717
8.332991
5.455454
5.493436
5.452668
6.829848
6.967904
4.558669
6.367271
6.737004
6.234027
7.083832
6.449170
5.152947
7.647625
6.800876
5.768653
5.662532
7.126159
6.991913
7.006562
4.744664
6.258971
5.173879
5.674414
5.480024
7.157894
4.200420
4.779103
5.043223
6.744631
6.765407
6.166550
5.463756
5.209282
6.292421
6.778692
5.140124
6.374381
6.194611
6.058171
6.591514
6.698832
5.489281
5.735101
4.931393
5.656105
5.751592
6.230296
5.547406
7.221083
6.391749
5.909324
5.471949
6.199922
6.240050
5.421765
7.927788
5.137302
6.424171
5.360057
5.533103
3.535451
6.523062
7.472285
6.650328
7.119307
3.981830
5.663308
4.363173
4.882199
5.771983
9.018593
5.566185
6.646418
7.281411
6.085121
7.651235
6.873065
4.418474
6.643753
5.275315
6.455526
5.914586
7.207430
6.693988
6.230982
4.809650
6.479569
5.144909
4.944294
6.104734
5.007046
5.765751
6.398674
5.566359
4.262129
3.530946
7.527480
6.666772
4.387750
6.691584
7.121544
6.644581
4.840470
6.202877
5.946384
5.670126
6.165534
5.623532
4.983685
7.099960
7.138373
3.971434
5.531424
4.804817
4.506946
5.019996
7.897012
4.555446
4.569277
5.519561
4.417829
5.450673
6.820577
5.828227
7.543526
5.372081
4.904323
7.436471
5.714469
6.449671
6.101660
4.869946
5.770701
5.522893
4.593519
7.454830
5.625798
5.581400
4.729803
6.430093
3.939991
6.169927
6.540037
6.891066
6.526930
5.741648
6.719842
7.048689
8.228468
3.944395
5.327621
5.288797
5.991835
3.824118
5.425819
6.515840
6.883582
5.929951
7.901138
6.265394
6.774665
5.305267
6.698090
7.069853
5.431048
6.349094
5.700241
6.561660
5.744200
4.532268
5.493551
5.798478
5.835855
5.952694
5.246159
6.294639
5.771422
6.714100
6.938997
4.243285
5.616403
4.112643
7.181619
6.413547
6.570213
3.615762
4.847596
5.207154
6.911762
6.617632
5.763882
7.358834
6.491179
6.955612
5.688497
6.764897
7.502060
6.172051
5.810918
5.924360
5.268599
4.505830
7.009557
6.477002
6.781994
5.598017
5.100688
6.322709
6.720494
5.896008
4.313201
4.806505
5.687463
6.740526
5.223570
5.453618
7.401832
6.119862
6.385393
5.738982
6.575329
6.075725
6.887895
5.375534
7.210843
4.745074
6.077749
6.605675
6.056307
7.022319
4.678617
5.980300
5.948476
6.826252
6.542759
6.109730
5.780971
4.956093
7.269105
6.870959
6.830966
6.521022
5.922149
4.555570
7.178891
4.927568
5.086057
6.442691
5.955533
6.409240
7.488352
6.281392
7.150896
5.082770
6.427548
4.166865
4.719209
5.515334
5.239121
5.294786
5.714455
5.787141
5.034188
5.078225
5.190783
6.033762
6.945253
5.111478
6.602195
6.452557
5.113423
7.465199
6.435873
5.757606
6.651445
6.797204
4.813527
5.067483
4.816948
5.763328
5.795129
6.210284
4.630273
6.212701
5.119418
4.430250
6.171247
6.651826
5.115551
5.480389
6.789297
5.461829
6.520266
7.085454
6.461264
6.353261
4.934942
4.759654
5.531293
6.542818
6.656919
6.963485
6.067192
7.136365
6.619476
5.584038
7.067602
6.202634
6.174806
5.723177
5.754391
8.021966
7.454402
3.777943
8.184614
5.994479
4.041198
6.797583
5.416432
5.692041
7.687862
5.101551
5.463369
6.538407
8.815598
6.142880
6.271260
4.601907
5.527845
5.601287
6.952292
6.985069
4.873245
6.690391
5.510490
5.295522
7.092252
5.663413
6.293041
5.682588
6.581757
7.501741
5.401820
6.923918
5.312104
5.770734
6.299491
6.046550
6.430884
3.627129
6.844575
5.966764
6.787858
6.962443
4.989836
5.633122
5.115403
5.666732
6.378378
7.157042
6.598856
5.997084
8.071820
6.415305
5.571118
7.035230
6.644932
7.608859
4.065903
7.218636
6.881091
5.262296
5.964006
6.929459
5.302949
6.148377
6.466961
6.125736
5.772680
5.621986
6.632470
5.999187
5.396182
5.847873
5.705972
7.644007
6.965607
7.406582
5.982730
5.721012
6.174598
7.762920
6.934810
7.101530
6.840607
7.081351
6.337330
6.475395
6.368666
4.872694
6.128349
5.907431
5.690989
6.956488
6.736775
7.326803
6.916779
4.223410
6.612666
6.933593
5.926614
5.682114
5.694295
8.506995
6.145791
5.274874
5.546362
5.599495
5.730997
6.946395
7.903724
6.601414
4.404686
6.450172
5.355011
5.660179
5.171539
5.376785
6.900517
4.438719
5.151371
6.888473
5.118730
6.697334
5.762881
6.644400
6.675882
6.683436
6.492592
6.400962
4.912885
5.313515
5.483383
6.771513
5.244043
6.131731
6.176974
6.629901
6.101904
5.029478
6.244731
6.642169
4.162625
4.710317
7.041192
8.410808
6.586234
4.884646
4.814661
7.715934
5.006162
6.178475
6.909261
5.337765
4.002410
5.740696
6.192819
6.944768
4.792739
6.533206
5.944953
3.531855
3.876253
5.288275
5.439738
5.893012
6.363747
5.117513
6.457336
6.612712
5.729196
6.756838
5.958942
5.060516
4.716769
7.431794
6.159448
5.873211
5.137728
6.327611
6.232178
6.408881
5.291596
5.648374
5.880083
3.657271
6.745971
7.249681
4.007767
6.090827
6.209356
6.829157
4.728710
5.940788
7.231379
5.659210
6.942086
6.382693
7.464781
5.846397
7.713516
8.115696
7.223555
7.101772
6.694172
5.820051
7.071588
7.006604
5.812569
4.977146
6.176207
8.757820
6.473451
5.536458
5.160990
7.377569
5.498117
6.913814
7.192217
6.371271
6.040593
6.805320
6.033337
5.818517
3.713997
6.301337
5.801838
5.881223
6.161492
6.784890
6.162869
5.713379
6.306185
6.098866
4.694021
6.756793
5.514368
6.466389
4.155609
5.407197
6.906454
4.648751
7.400861
5.035081
6.049999
6.825250
4.660367
5.345650
6.269175
6.679348
6.935171
7.062258
5.805076
6.175486
3.232882
4.917706
5.061229
6.510955
6.381179
6.937780
6.168680
4.727189
6.153079
5.001394
7.105047
7.464862
6.438352
5.661727
6.601888
5.347148
8.195454
4.212712
6.074784
6.475542
5.918347
5.985270
5.810502
6.522594
6.352591
6.857648
6.645605
6.905952
4.195078
5.964252
7.370903
5.528070
5.511787
6.587333
6.096102
6.565971
5.607920
4.215912
6.809034
5.795428
6.084823
4.756319
7.363841
5.933953
6.818030
7.878716
7.132498
6.486947
4.590844
5.483979
7.554025
5.581413
4.117795
7.275323
4.815794
6.271579
6.192373
4.419032
5.901285
6.800832
6.693405
4.278677
4.238668
6.304318
6.184443
5.207197
7.184600
6.436592
6.840553
5.381215
6.577592
8.408697
5.436861
6.661967
5.595339
6.919033
6.133255
4.467213
6.150372
5.462408
6.789592
5.638515
6.058424
5.501634
5.545804
5.288244
4.213872
3.986045
7.401272
6.610711
6.006628
6.701321
8.527837
6.641768
7.214874
5.934976
6.050839
5.951285
7.607987
6.941903
6.032535
4.252849
5.494055
4.694337
5.392299
6.915093
5.446343
5.400624
7.497949
6.358991
7.443091
6.277154
4.162609
5.325527
6.655014
7.057852
4.781446
4.998100
6.114887
6.725586
6.342689
6.964035
6.503581
4.949880
7.047281
5.999580
5.286932
6.715295
4.271556
6.662774
6.437810
6.624863
5.607299
5.678539
6.977778
4.362943
4.713586
6.100390
5.572692
5.801875
5.714755
5.233131
6.416645
7.236811
5.878900
6.300913
4.638607
6.233091
6.311261
6.845023
3.466150
4.570545
6.396874
6.835790
7.380622
7.769095
6.726866
5.482978
4.498161
6.680025
7.242774
6.729032
5.410902
6.627310
6.333247
6.409572
5.722777
4.583359
6.617520
5.065490
5.514256
5.863561
6.150034
5.391034
4.970433
5.824006
5.780567
5.302260
4.406804
7.046753
4.404262
7.610209
6.927131
6.497020
7.835920
6.283206
6.947764
5.136680
5.042939
7.282643
4.822788
6.478420
6.471267
4.956614
6.804376
4.564959
6.198749
5.975803
6.572725
6.857683
6.650242
5.795966
4.569940
5.519085
6.608871
4.631413
7.372262
5.573369
6.257807
4.923843
6.334983
5.429615
3.986930
6.290918
6.744456
7.251860
6.698768
5.938949
6.711552
4.660477
6.348070
6.524070
5.040950
5.249236
6.449406
7.446267
7.310631
5.402401
5.287150
6.560649
6.395953
5.896266
5.562240
6.290331
5.672681
5.769475
6.210071
5.125295
7.133346
5.946530
5.123913
4.491627
6.651311
7.098832
5.518220
7.975475
4.626912
6.227664
5.666203
5.886126
7.250066
6.453454
3.746048
6.142570
5.613690
5.495729
6.530155
5.467925
6.912346
5.328105
5.651763
7.876093
6.960451
8.492708
5.183348
7.435034
7.264448
5.558390
5.261158
6.291023
7.883308
6.207123
5.490275
4.938268
5.311733
7.432937
5.864556
6.718270
6.620443
6.337785
5.935857
5.533282
7.087916
5.008705
4.966884
4.758267
6.557960
4.960659
7.802077
5.335713
5.757486
4.629416
5.190873
5.037681
4.808867
5.398862
5.297745
5.879467
6.171246
5.647111
6.133379
5.669252
4.245179
5.295783
7.641375
5.678110
3.874981
7.346838
3.174832
5.414757
6.983149
5.891328
7.097206
4.489403
5.571248
6.074453
4.241810
6.551100
5.321620
6.501287
5.964329
5.282946
6.034298
5.567556
5.522735
6.439525
6.133507
3.199835
6.518955
6.910960
4.478111
7.489550
6.136700
6.797954
4.710399
6.705148
6.909795
7.482187
5.377568
6.166821
7.755414
5.676454
6.060291
6.468149
7.006574
7.438914
6.742741
5.529045
5.178276
7.135821
4.658439
6.964376
7.201664
4.337126
6.846313
6.252625
6.860574
6.629299
5.651334
5.188984
6.164850
5.329783
5.404113
6.107244
5.394808
5.087415
4.513814
6.354856
5.551210
4.353221
6.208791
3.505548
6.945138
6.705944
7.159288
5.793856
6.662128
6.016679
5.216606
7.255959
5.634956
6.436999
6.503093
7.061192
5.059430
5.194946
5.087343
4.518599
5.887587
7.183245
6.478973
6.242918
6.132646
4.324144
6.177355
4.964356
6.720111
5.695234
5.508682
6.466549
5.619392
6.400626
5.985731
6.137061
5.990310
8.171874
5.424717
5.614810
6.078884
6.683002
3.053588
6.018796
6.596743
4.564016
5.846168
6.242501
5.318572
5.097289
8.316487
4.798332
6.631942
6.581166
5.007703
6.696498
5.773905
5.345193
5.909974
4.842679
5.488739
5.401326
5.041665
5.438870
6.841207
8.715504
6.428252
4.871774
5.919710
6.083957
4.713311
5.573122
7.163700
3.598626
4.635965
5.336287
6.049751
7.686068
6.609156
5.573572
6.870630
6.704227
4.633123
5.998553
6.341776
6.081432
4.778462
7.217838
6.769534
5.982016
4.473140
5.716630
6.515539
7.482919
7.827837
5.722463
7.491620
5.245645
6.233998
5.431482
5.419584
6.667967
6.468964
6.081658
6.590283
5.499734
5.542548
7.357288
7.856315
3.907167
6.519459
5.609177
6.592740
5.970021
6.551916
5.374869
4.360198
5.595975
6.356849
8.683302
6.004786
6.836643
7.372054
6.628254
6.929083
6.589557
4.825676
6.694975
6.268687
5.670532
6.953402
6.324356
6.708651
6.240747
5.597726
6.199034
6.674184
8.572948
3.423681
4.735782
5.629990
7.141137
7.985386
6.268587
7.222632
7.018121
5.877811
6.406765
6.000287
6.565295
7.208118
8.052508
7.444262
5.399038
6.620953
6.562224
6.046661
7.618098
7.112073
6.536056
5.168564
6.276335
6.864674
6.719943
5.413103
5.085200
6.342809
4.504616
7.247799
7.330329
5.876242
5.505880
3.610552
4.986620
5.971154
5.710579
6.233635
6.016169
6.581039
4.672602
5.420094
4.833453
5.572184
6.243326
7.006906
4.922109
5.618107
6.320839
6.249285
5.587714
5.757323
6.102355
4.360501
6.830913
3.848813
6.324167
4.441598
7.325297
5.159578
5.973526
5.535372
6.484380
6.318642
6.956821
4.538998
6.602068
5.871890
5.208428
4.709671
8.050994
5.672111
6.724618
6.497639
7.523076
6.338616
6.006875
6.441008
5.296702
7.020817
6.399024
5.856687
6.514891
6.700131
7.802527
6.061844
5.458817
4.264597
6.254331
6.860269
5.801072
4.590559
4.851636
6.027991
6.823039
7.865824
5.507967
6.532546
6.580752
7.388628
4.024914
6.220258
5.003614
6.076825
4.963927
5.705913
6.910355
5.921646
5.802529
7.199205
5.926601
5.620419
4.859332
6.002319
7.288430
6.622612
6.472226
5.413033
4.516284
6.823588
4.914112
4.767716
5.943622
5.140438
5.530569
5.358590
6.084688
6.204266
6.583811
5.959634
4.825754
5.403309
6.287317
5.695511
5.424238
5.511258
4.515522
5.987880
7.300046
5.135162
6.672913
7.313479
6.603532
6.217282
6.206944
7.508355
6.544448
4.825285
6.249107
5.352606
4.466243
6.465133
6.868566
6.170013
5.650112
5.151055
5.422702
5.176948
5.833145
4.466979
7.488970
5.314921
8.424973
6.853785
4.862420
5.301140
7.407265
5.356775
5.103271
5.631471
5.900469
7.067709
4.118904
5.270157
6.382159
4.495808
7.264666
6.760691
4.541374
4.102081
6.447831
6.492196
4.753313
7.231360
6.719124
5.855702
6.158767
4.676411
4.836162
6.024692
4.332670
5.108505
6.283191
7.094287
6.526120
5.608814
5.231508
5.313451
6.466282
6.535020
5.924920
5.144590
7.698508
6.957492
6.974631
4.884912
5.455084
4.899432
6.047932
8.583940
6.034952
4.615338
4.435058
5.991531
6.678799
6.142183
5.978598
6.270798
5.923881
5.357666
4.849829
6.210292
6.422960
4.779922
5.656345
5.669831
4.211722
4.343063
7.365367
5.994345
5.409065
6.382922
5.527092
5.130112
7.334613
6.067375
8.282474
6.177764
7.027852
6.505622
5.639802
4.116438
6.153242
5.770801
7.504449
7.433435
5.275699
5.070296
6.946172
7.393785
5.490810
6.298134
6.188334
5.684065
5.394154
6.203840
6.803432
5.164875
6.374121
3.412107
4.599285
7.466318
5.212582
7.527693
6.680286
5.160881
4.977798
5.559877
4.168067
5.248078
5.193944
4.900881
7.065965
5.685242
6.271616
7.092625
5.751670
7.698829
5.183699
4.616178
7.582409
5.610618
6.370973
5.938293
5.097063
6.913175
6.861828
5.049401
5.299578
5.328961
4.590472
5.727430
7.508054
5.587465
4.897987
3.761829
6.253880
7.654713
6.200639
5.372178
7.715293
5.149563
4.809783
5.055743
5.169735
3.681129
5.887763
7.098372
6.949388
5.841728
7.524175
3.983090
7.384251
4.589724
5.916856
7.930774
4.217150
6.756628
4.642000
5.807283
6.975035
6.412852
4.997744
6.631422
5.780965
5.826473
6.405627
5.918108
6.091127
4.749395
6.854280
5.091115
5.841290
5.765276
7.369730
4.199775
6.487054
6.433596
5.496686
4.174013
6.422269
6.964244
4.775191
6.852079
6.260014
6.157000
5.197010
6.015369
4.460482
5.340280
5.626126
8.664694
5.790185
6.043529
7.167723
6.772384
6.096814
6.137626
6.470036
7.744592
4.884158
6.177684
4.943428
6.828183
5.171447
3.682620
7.881086
5.696579
6.121489
7.085863
6.465699
6.448926
6.921986
5.091583
6.646502
8.256972
7.404392
6.170812
6.871047
4.894028
6.884701
4.931830
8.656100
8.380378
6.710534
6.099198
4.982007
6.979523
5.998895
7.835804
7.494938
5.779624
7.048979
6.142307
6.501353
9.094538
5.914403
5.068341
4.739091
6.918790
5.619238
7.469868
4.909436
5.670898
5.502210
5.047048
6.954551
6.459380
5.173456
5.396999
5.064647
4.105858
5.568196
4.815823
5.399259
5.159611
3.581716
6.584282
6.507011
6.137955
5.770008
6.471484
5.428247
6.226835
5.600475
6.190963
6.464892
6.675989
6.737052
5.543532
5.601925
6.123076
3.844121
5.981271
5.564841
6.081125
4.393615
5.327038
5.497473
6.823698
5.959653
5.383869
6.244553
5.902126
6.485112
5.168651
5.223376
5.529202
6.004492
5.504428
5.868960
4.063706
6.307453
6.705736
6.637066
5.830134
6.027409
5.091321
5.549444
6.508008
4.639537
6.058633
6.265707
8.325136
5.852590
4.454453
5.666174
6.289210
4.878878
6.976046
4.930090
5.692105
7.066810
7.337203
6.093571
6.121256
6.380345
4.933550
5.071665
6.212493
6.209749
5.741500
7.128899
6.378707
5.998032
5.185227
5.782687
4.748717
5.167418
5.706022
5.123975
3.550722
4.830256
5.768429
7.539496
6.174705
5.768719
4.037516
5.820011
6.148165
6.167677
6.461664
5.638915
5.259561
5.585128
6.995251
5.385575
7.063830
6.644540
6.695603
6.337781
6.004360
5.933504
6.928587
5.157684
7.385798
7.593049
4.417220
6.695593
5.432060
6.082017
6.867675
6.086013
3.663919
6.600857
4.907050
7.120289
5.830550
6.659212
5.067281
5.880239
6.629409
5.271692
4.549575
7.617148
7.448811
6.266185
6.503733
3.860500
6.367588
5.189099
4.556738
6.740815
7.646212
4.291897
6.324994
6.510985
6.943730
6.083310
4.644573
4.250455
4.494926
6.931600
8.253862
5.736653
6.482042
5.201239
5.662971
6.468026
6.835472
5.408400
6.944291
4.823063
5.697771
6.879605
6.178562
4.339682
4.785381
6.397938
7.290841
5.099346
7.882431
6.321172
4.010729
7.200301
5.700990
6.656197
5.691251
7.304289
5.342159
6.574124
5.720741
4.241134
8.592357
6.850434
6.262135
6.655551
5.289195
4.714556
6.054015
4.680581
4.991304
6.593239
6.007809
6.622000
7.186486
5.232100
5.335502
6.638096
5.272583
5.679719
6.942238
5.399180
7.545413
5.618662
5.818196
6.711209
7.428171
7.527800
7.164105
6.087896
6.176650
7.160300
4.984773
7.255680
7.294681
5.821667
5.885017
5.575931
5.894140
5.932212
5.802349
7.368773
5.233913
7.358315
6.410820
7.122884
6.672200
5.996863
7.930366
6.575662
6.266511
5.097237
5.076056
5.648131
5.255752
5.805225
6.881604
3.218952
4.658762
6.413229
7.131527
6.721920
7.223677
6.801150
6.136315
7.551333
5.962510
6.552321
5.585000
6.259580
6.505294
6.228862
5.209487
5.531357
5.508199
5.290838
7.995029
4.918859
5.349964
6.143582
7.671224
5.322338
4.351041
6.797580
5.217900
6.200393
5.749820
6.625268
4.120264
5.494379
5.670305
4.699133
6.107707
6.251291
7.315622
7.195488
7.110609
3.929522
5.621735
7.348296
6.169551
6.371848
4.605736
6.437415
6.031287
6.430028
7.643096
6.295645
6.165861
5.225389
4.908240
4.818947
5.939240
7.029773
7.212834
4.964211
5.675843
4.751225
5.476149
6.718950
6.345333
7.008781
5.061874
6.527289
5.608055
5.780751
6.215774
5.656631
7.953490
6.610867
6.838535
5.989371
3.666102
6.356652
5.828202
5.724032
5.352953
7.464421
4.226569
6.470203
6.767461
5.755247
4.403896
4.221650
6.663673
5.706307
6.516334
4.691970
6.415431
6.211950
6.470428
6.497182
5.134813
6.808887
6.629079
4.669600
5.024203
6.349859
6.493332
4.987395
7.696391
6.110174
4.594369
4.604197
6.197060
7.311473
3.830085
4.463123
6.464037
6.047111
7.480619
5.979603
5.957699
4.593526
6.137210
5.477384
7.196879
5.091966
5.778766
4.862075
6.934681
6.584955
5.230506
7.016627
8.708553
6.391866
5.239060
5.403097
4.499004
5.807987
5.398402
4.355101
7.231342
4.111443
7.160981
7.545308
6.854800
7.862354
5.168438
7.112354
6.733434
6.478611
5.136278
5.931564
3.083159
5.072629
7.526868
5.513845
6.189308
5.533469
6.245142
6.017121
6.139078
5.838693
7.591389
5.854700
4.803246
5.580328
6.705492
5.384937
5.801530
4.689323
8.736999
6.166571
7.185966
9.342859
5.975397
5.264109
5.576671
5.038905
7.174971
6.087639
4.484386
5.822374
6.308613
5.251433
5.554153
6.647275
6.984962
7.935732
7.464509
4.859222
6.763254
6.236078
4.216579
6.782679
5.600242
5.984568
5.547432
4.397319
6.663582
4.527404
4.202076
5.087866
6.746044
4.943127
5.798482
6.451800
5.514926
6.185888
8.019989
6.149300
7.831052
5.638148
6.869480
5.779793
4.371722
5.557181
4.719707
7.769498
6.791995
6.899743
4.894123
4.254321
5.658678
6.009296
5.512614
3.942495
6.391386
6.650150
7.336496
7.941328
6.445071
5.872911
5.347155
5.532434
5.968371
6.195597
5.792707
7.879832
5.172163
5.584804
7.437042
4.655276
4.642708
6.721299
5.745650
5.565200
5.833738
4.034408
3.742573
6.763645
3.971877
3.989581
5.272889
5.135552
6.609774
6.113499
7.405079
7.434786
7.061304
6.241117
4.707669
5.261280
7.953234
5.468995
6.134503
3.861655
7.127716
5.299306
7.253050
6.737709
6.129982
6.458897
6.550091
5.047137
6.515625
6.877765
6.549174
5.780868
7.211826
5.311343
4.474220
5.701380
6.166926
5.090948
5.193641
8.026390
5.522684
8.486789
6.179346
4.842262
6.543633
6.167891
2.215027
6.231543
4.537877
7.243321
5.588075
5.098976
6.003728
6.369086
5.499520
5.680377
5.236544
4.405083
6.426364
7.718750
6.630144
5.106470
6.170676
6.292005
6.907187
5.333837
7.329840
5.276679
4.512868
6.266550
4.922308
4.432000
6.406336
6.103646
5.903254
5.088696
6.484172
5.736648
7.304494
6.426921
6.870341
5.878682
5.733049
5.327654
6.306963
7.134266
6.962719
4.781971
5.880290
5.494154
5.353062
6.842545
5.316269
6.739589
4.830128
5.101764
6.080051
6.240372
4.163344
5.680834
4.513839
5.631096
5.272916
5.714236
6.247436
6.849927
5.302113
5.313929
6.115875
5.024314
5.188838
4.997661
5.818499
3.687996
5.470821
5.565765
5.553883
7.813682
5.058845
6.410813
6.864947
5.145780
5.712356
7.244519
5.928657
6.317549
3.951844
4.226235
6.524684
8.237056
5.142366
5.477450
5.917381
6.226294
5.482585
5.966641
4.885479
5.397863
7.633706
5.748862
7.133856
5.753567
6.722671
5.544447
5.321759
5.489310
7.454009
5.641194
6.941862
5.990668
7.064691
6.104418
6.284523
7.003507
5.856388
6.279232
4.721628
4.464031
8.039487
6.569445
5.544384
6.472622
5.623258
4.477447
6.589444
5.895855
7.086534
5.889449
6.887740
7.081066
5.563284
5.590464
5.570388
6.167839
7.277454
5.993403
6.266061
7.480798
6.961452
6.066646
4.224178
7.488061
6.992648
6.444487
6.398310
5.809760
4.982271
3.704808
5.724156
5.760967
4.551064
4.798365
6.826483
5.913433
6.026095
6.614060
6.389389
5.160493
5.793074
6.664581
5.424276
6.769521
8.038570
5.876767
5.669900
5.906312
5.616491
5.471092
5.358877
7.115758
6.773209
6.914636
7.585022
5.243201
7.465701
5.931914
5.505884
4.280838
5.007087
7.557939
6.614877
6.623539
6.773928
6.217902
5.317347
5.218477
5.709671
5.817839
6.044983
5.092924
5.358614
5.830650
7.142931
5.744594
5.164759
7.361866
5.763981
5.878920
5.769934
5.179518
7.004215
5.977618
6.045560
5.692497
6.514488
7.182929
5.592431
6.861779
4.822104
3.981919
6.442892
6.028876
6.597082
7.175183
6.699777
6.645905
8.097372
7.614369
6.846501
5.891647
6.027401
5.192863
7.462657
6.157958
5.044329
6.574025
6.079513
5.390924
6.146376
6.141350
5.909779
5.271122
5.177614
6.654931
5.186006
5.217374
4.683582
7.098589
5.842015
6.198355
5.352111
5.202057
6.271709
7.336438
6.273722
6.122587
4.899657
4.288160
6.255991
5.770353
5.297822
5.385661
7.426228
5.262032
5.582802
5.523494
5.356879
5.986932
7.827969
5.775164
4.947991
5.770041
6.224869
5.723788
8.301147
6.616379
4.728269
6.491228
5.819217
4.521025
5.919225
6.450100
6.766329
5.829184
4.820534
4.603008
7.522406
4.630689
7.398957
5.613394
7.766667
5.673296
7.488590
6.472376
5.824455
5.279150
6.869747
7.785939
4.411771
7.748809
6.237732
4.666879
6.011889
5.737182
5.795891
6.215835
6.118419
5.085770
5.207291
6.575832
6.579214
4.595585
5.639430
6.544666
7.275468
7.225108
5.636332
4.729533
3.370401
6.197683
5.552413
7.228274
5.361899
7.502696
7.282484
5.821596
7.173483
5.274942
6.022281
5.660664
7.517982
3.536529
5.793879
5.434420
5.768290
6.785716
5.470379
6.001026
6.569571
5.917038
6.034233
5.467777
4.427303
4.957117
6.803593
4.703891
6.505518
7.100515
5.361042
6.270525
6.869632
7.530009
6.919106
5.752404
5.408217
5.505675
4.856900
6.475444
4.668120
5.207131
6.162290
5.594726
6.837269
6.813341
7.513956
5.537209
6.109574
5.304337
4.737713
5.783560
4.666275
4.469245
7.371481
5.973466
6.508121
4.604973
4.073273
6.318805
6.372755
5.389965
5.606569
4.309058
5.971682
6.417365
5.137465
5.693330
5.781186
5.871984
5.577958
6.723356
4.621582
5.835445
5.709759
4.641874
5.259172
6.703869
5.822982
5.400726
5.265279
5.202492
6.604117
6.593077
5.366736
6.481579
8.007638
5.584117
4.522213
5.778006
7.845627
4.824626
5.958735
9.126900
6.829793
6.331775
7.402793
6.607697
6.800261
4.321536
5.740402
6.609001
5.875498
6.977082
6.340496
5.596613
4.257764
6.337548
4.276017
4.869117
4.428444
7.291521
4.677099
6.785379
7.467663
5.659656
4.450694
6.948356
6.232530
5.350763
6.601034
6.829570
6.128405
6.575762
5.385300
6.318634
6.207562
6.103880
6.538865
6.682204
6.329614
5.545446
7.804497
5.416728
5.118081
7.645687
4.999893
7.479366
7.447479
6.573873
6.857911
6.381464
4.195303
5.192206
5.873890
4.628948
5.993267
5.288816
6.394420
5.994019
4.712201
6.759250
6.181946
5.102523
5.414954
4.720810
6.689573
4.821361
6.511696
4.544141
6.280455
6.930338
7.851987
5.786424
5.626134
8.562798
6.487986
6.010550
6.518216
5.899436
6.843175
5.474668
7.327745
5.599666
5.020988
5.676456
6.346663
6.454900
4.987691
7.736515
6.245720
4.748138
7.363918
8.605240
5.883220
5.804223
5.559216
5.077556
3.698963
6.215151
6.983985
6.599894
4.927781
6.224801
5.073192
6.853772
6.867010
4.757467
6.856215
7.100365
6.432313
6.574559
7.807216
5.270438
5.236192
6.043858
8.710400
5.784014
6.423588
6.005691
6.274544
8.084151
7.498932
5.220408
5.231169
4.869209
6.379033
4.881531
6.650729
5.007977
7.906160
5.678950
5.211191
5.122036
5.055715
4.896549
6.153384
3.819732
5.072855
7.028622
5.657492
6.566139
6.772442
7.399472
6.375063
5.173380
5.236710
7.270550
4.850910
5.895684
4.144993
5.919526
6.569278
6.113560
5.969928
5.175654
4.358661
6.591447
6.274473
4.895810
5.889628
5.293239
5.344138
4.865584
4.000044
5.740030
5.388792
5.609788
7.582063
3.894487
6.548432
4.596774
5.765259
5.556196
7.937270
6.320912
7.130274
5.252378
5.960539
5.747628
4.687360
4.608337
7.138367
7.605363
6.354193
4.182018
6.671114
4.008825
5.667322
4.747060
3.980535
5.897925
7.461641
6.008696
6.461153
5.776751
6.252247
6.736903
5.676202
7.236978
8.053079
5.301156
6.232538
7.750062
6.366681
5.591172
7.568870
7.212621
5.079499
6.308008
6.891703
6.729358
5.997063
6.609906
5.493353
7.117911
4.753434
8.097243
7.686426
6.619999
5.829303
6.120966
6.589122
6.303241
6.413094
6.398892
4.995745
7.638032
4.839474
5.924246
4.566793
7.733829
6.339622
5.150802
5.573002
6.719251
3.837640
5.439019
6.427725
6.750341
6.527488
4.747533
6.242008
6.131381
5.964802
5.554391
3.636754
5.032634
5.407993
4.992388
7.046337
5.289380
6.142972
7.182898
5.748046
6.766629
6.525907
7.752563
7.851739
6.773879
6.478368
5.517217
5.484073
5.014305
7.169232
6.317424
6.401688
5.552735
4.617744
6.990003
4.267725
5.286817
5.952084
6.459908
6.826045
7.405714
7.057833
4.936855
7.207533
5.320744
7.350704
4.201050
4.602850
4.552300
6.407920
4.962407
5.536025
6.057458
7.192598
6.277631
6.973240
4.482626
6.605544
5.009535
4.501208
4.825619
6.098794
5.312962
6.809492
5.991533
7.085318
3.131704
5.711169
5.726795
5.879226
6.690776
5.936187
6.415754
4.900878
4.968426
5.931808
6.224207
6.881251
6.132261
5.904504
7.074216
7.799958
6.923853
6.337688
6.934601
6.291279
6.976210
7.219639
4.911480
6.252586
5.048485
6.216020
7.623239
5.389536
4.162294
6.021343
7.344293
5.432407
4.624017
4.123764
6.402024
6.757950
6.917469
4.217589
6.311272
6.151135
6.451296
5.497857
5.130742
4.441161
6.145497
6.071370
5.525715
7.746119
5.841414
4.718571
8.021432
6.060658
7.519601
6.240609
7.931527
5.921051
5.309917
5.625993
6.445884
4.882036
5.278239
6.271203
5.362286
6.539781
4.974152
5.489624
6.946254
6.835387
5.724009
5.543193
6.403418
5.373268
6.653722
6.431116
6.448817
6.488809
5.425669
6.670052
6.457507
5.799656
6.674081
8.300118
5.680828
6.975038
4.123296
6.351105
5.012731
7.457466
5.373245
5.003265
6.790523
5.871213
6.336555
6.677068
6.114415
6.851927
5.311632
7.286274
7.170239
6.031763
6.676107
4.888719
6.039717
5.914417
6.185025
7.969179
6.482655
6.374412
6.858131
5.588686
5.175432
6.515041
5.440661
6.634682
6.890167
5.619318
4.421976
5.406367
7.098930
5.928328
6.596447
5.769636
6.487380
6.981336
6.150939
6.115968
4.862206
7.252053
7.263295
7.359645
4.936731
6.815401
6.196166
7.207676
5.479072
7.779187
5.870589
6.936799
5.307228
6.215036
4.903675
4.911945
5.615456
4.322968
8.094774
5.080523
7.116329
5.563995
7.344513
5.676917
5.482840
7.495104
6.991065
5.371561
7.574930
5.041018
5.548029
6.098964
5.934815
6.937089
6.828294
5.799076
7.035487
5.077717
5.438274
7.306350
5.766764
4.504657
4.626867
5.620886
5.643264
4.769592
6.473532
6.796030
6.218673
5.405354
7.399854
7.676810
6.190698
6.240158
5.988966
6.723562
6.681056
7.289234
7.097208
7.155155
6.174898
4.958215
5.242399
6.646151
5.604022
5.292685
7.253097
4.812316
7.058266
7.008227
7.163212
3.718816
6.609450
6.035377
6.336371
3.645508
4.732238
5.313836
6.804373
6.343680
4.806301
5.570332
6.804152
6.018620
6.184156
5.814495
6.497585
7.272391
7.309048
5.287127
7.858546
5.241191
6.367264
5.595234
4.711567
6.161659
7.959236
4.768213
7.906484
5.600520
4.273828
7.969540
6.613450
6.581928
5.250163
6.598366
5.722681
5.846894
5.211380
4.515370
5.333309
6.479165
3.454688
6.127260
6.315731
6.131938
9.282090
6.064288
4.931809
3.089775
3.956163
6.185163
5.497317
5.400100
4.065257
6.643724
7.070986
6.308649
6.782493
4.751763
6.154551
7.233254
5.502935
5.372360
5.388146
5.510326
6.343314
7.578114
4.225440
7.148427
6.988673
5.308642
5.572889
6.823287
6.370308
6.761713
7.377468
7.348657
3.659388
6.252414
6.147267
5.857370
5.060626
4.274692
5.389320
6.926971
3.890360
5.499680
6.949053
6.884316
6.423454
5.445148
8.235710
6.523489
4.993351
6.550488
5.318147
5.471431
7.829692
6.391584
3.875356
6.435652
7.117849
6.769945
3.986103
5.568383
6.764761
6.410491
6.742058
6.181581
5.355441
6.002347
5.668775
6.047115
5.784537
5.317038
6.938920
7.516553
8.047308
3.138443
4.362100
8.694888
5.674409
5.738900
6.135686
5.902606
5.294842
6.635822
6.340993
6.660449
6.811460
8.363206
5.169201
6.431269
6.673393
6.992419
3.861380
7.353324
5.729775
6.136610
7.347006
7.199417
6.149141
6.173157
6.565343
5.796231
4.888875
6.418491
5.454048
6.138249
5.199086
4.989702
6.589401
6.430626
6.645274
7.087275
5.462516
7.295394
7.134176
4.433352
4.375910
5.375368
4.427160
6.599884
7.944813
6.570139
6.625543
4.961048
6.187587
8.138512
6.112205
7.004311
5.189636
7.901785
5.433880
7.734508
6.325166
5.782224
4.608496
5.905315
4.021196
5.911125
4.341933
7.812487
5.048170
6.540826
5.638592
4.383245
5.321556
5.995050
5.290123
4.296167
6.198814
5.891960
5.726712
6.865990
6.256091
6.874279
6.715288
5.427663
6.529033
6.080883
6.389032
5.954052
6.202082
6.594210
7.092556
5.641661
5.730631
6.097881
5.527130
8.198743
4.380425
5.978902
5.680340
5.570179
8.168558
7.108814
6.024534
4.833506
5.190474
6.538181
7.468455
6.000451
6.317312
4.338779
7.546410
5.458369
7.248003
6.827866
7.329369
5.785941
6.900465
4.408907
5.542366
7.677515
7.126295
5.263127
6.372566
4.710474
4.733314
4.126275
6.452388
6.689979
7.800355
6.384961
5.502047
5.305501
4.268658
4.726952
4.115897
4.833474
5.794252
5.579798
6.176946
5.620483
5.845699
6.572164
7.383927
6.081336
6.031577
6.252234
5.375279
6.946402
4.642069
6.297586
5.934441
3.492601
6.389040
7.450878
5.760810
7.492397
5.328979
6.415759
6.290756
6.615200
5.953175
4.947339
6.053050
6.015522
6.429501
6.371634
8.043103
3.842285
5.980187
5.768325
6.600372
4.403638
5.379960
7.051235
6.273313
4.721675
7.558909
5.180876
7.156264
6.211416
5.294471
6.743455
6.182620
4.218430
3.976897
5.130716
5.858691
5.149479
5.432583
6.554972
5.922595
6.930550
7.789637
6.133735
5.412594
4.526659
5.370057
4.278287
5.629206
6.257797
6.592892
6.620591
5.475511
5.645386
5.872770
5.712898
4.659995
4.523643
7.498158
7.734442
6.246320
6.150195
5.473737
5.439585
7.034393
7.050346
4.311259
6.581797
7.257110
5.329363
6.753267
6.047834
6.077148
6.187146
5.414057
4.936501
5.368177
6.369673
6.322237
5.816372
5.264881
5.291587
6.349292
6.396834
6.966141
5.564295
5.508491
4.846839
7.275775
6.663967
7.108547
4.995741
5.365196
6.473798
6.746372
4.650577
4.242376
5.434913
8.123335
6.264191
6.411475
6.040289
6.669368
5.188550
6.207529
6.406075
3.959314
5.747653
6.290550
6.654670
5.905891
7.364383
5.783435
5.843954
6.713627
7.975700
3.538046
6.177025
5.578179
5.970530
7.013834
6.226844
6.115363
5.884741
3.253394
5.910131
6.504320
6.087567
5.439312
5.944913
6.329147
4.693872
5.516693
5.526092
5.103406
6.936608
5.365733
6.953395
8.461856
8.233860
6.008713
7.946104
6.003807
6.184847
5.335799
5.378917
8.772454
6.729244
4.834008
6.173336
5.354574
6.704225
3.803730
4.078943
6.584960
4.033566
4.547165
7.078943
3.839965
5.783223
6.013072
4.154352
4.904534
5.317724
7.382174
5.141202
6.397095
5.791777
7.077631
4.415135
5.736690
5.211453
5.684922
7.137772
6.636715
5.299323
6.265532
5.799216
6.109641
6.397930
6.548814
6.791080
5.967110
7.645961
7.486396
5.744402
4.799754
6.661501
5.653516
6.366831
6.421130
5.966746
6.981652
6.513455
4.760145
5.388539
4.306829
5.225646
6.186337
5.669112
8.217971
5.472294
6.252392
6.521419
6.689682
5.327819
5.838282
6.363406
4.983819
6.321312
7.681372
6.965627
3.304250
7.691207
7.276909
6.246558
6.689144
7.279831
4.133226
5.449987
3.625202
6.802237
5.366079
6.938873
4.868178
6.223668
6.616449
5.840016
5.954072
6.980045
7.276222
5.773950
5.885377
5.775842
5.006100
5.904404
6.476750
5.693734
6.530115
6.541722
4.844474
6.350387
7.691146
4.534616
4.524106
6.832761
4.751780
7.684620
4.700661
6.149310
4.924923
4.417625
7.035733
6.930448
5.118513
3.946871
5.575900
5.112658
7.878724
5.161766
6.226818
7.340618
7.516033
6.476911
5.277352
6.821719
6.398516
4.875712
6.458137
6.367353
6.396763
6.382930
7.018936
7.355342
6.464775
5.200583
5.309174
6.347884
7.341225
5.741534
6.346015
4.099391
5.355454
6.795172
5.854369
7.688598
5.322573
5.059541
6.263196
6.509312
6.512067
7.274302
5.142484
4.854178
6.674239
7.188899
5.565272
6.825837
6.108908
5.600305
7.879103
6.309857
5.760710
5.694724
6.371271
3.743801
6.325387
6.927623
6.312247
6.416811
5.351435
5.676470
4.861645
6.034095
5.321493
6.900545
7.321122
5.280666
5.697842
7.042219
6.218572
5.118739
4.916386
6.404051
5.707991
4.553134
4.313499
6.236100
6.769395
3.599078
6.970108
4.767804
4.693163
5.186773
6.457384
7.418830
7.333174
5.737106
6.468423
4.423242
6.613120
6.142875
6.320287
5.101381
4.770372
5.889914
7.310781
7.013818
6.821759
5.052477
4.914340
5.231771
5.735660
5.897267
3.801406
4.958346
4.794759
6.830491
5.665664
6.734983
7.633853
5.422295
6.843512
5.467487
3.437083
6.242973
5.710149
7.506007
6.778964
5.245322
5.836640
5.013351
4.593592
6.427504
5.892352
6.856003
6.756390
5.510813
5.277120
6.252224
6.762794
4.366700
6.467526
5.411599
5.988218
3.927446
6.061666
6.400427
7.013711
7.314850
6.506772
5.467303
6.501654
5.921311
6.494082
7.063292
6.105879
6.177676
8.005310
5.791048
5.900589
6.742234
6.995108
5.517270
5.812460
5.845220
6.693887
4.882858
5.540275
5.523224
6.515379
6.445154
4.446496
6.477852
4.553301
4.686638
5.905132
5.293046
4.651517
7.124444
5.590274
5.745407
7.032050
7.755096
7.189687
5.941921
6.465341
7.068814
7.027821
6.019446
5.967111
5.867779
4.082624
5.140348
5.006212
5.122727
7.880527
7.518644
7.207841
7.102246
4.753974
5.211052
5.536490
8.009158
4.945887
6.407295
4.943003
5.358354
6.045416
5.954058
5.460127
6.330453
7.239373
7.846954
6.730917
4.335680
5.863713
6.424889
4.954381
7.022305
5.739431
6.001193
7.232736
6.964059
6.777270
5.665889
6.304652
8.260859
4.335595
4.993489
7.648851
6.287254
4.815815
5.390672
4.942450
6.822943
5.979737
6.818236
5.858410
3.799748
5.473209
5.621694
5.186478
4.899422
7.040439
7.204878
6.261979
4.236658
6.913373
6.280951
6.686854
5.361678
6.860482
5.435171
6.327309
7.816779
7.379355
5.733806
8.572442
7.481211
5.517469
7.113567
3.838243
6.938752
4.805502
5.285931
6.301319
6.102374
5.787573
6.890729
5.846741
6.330355
6.632777
6.633386
7.214367
6.268224
6.312402
7.140164
7.328033
5.650917
7.827185
6.265814
5.791980
6.299501
4.968999
4.587981
6.538891
7.546866
7.101334
5.822765
6.613910
5.326736
6.442957
4.895784
8.079033
6.160392
5.339116
6.403145
7.022225
6.275476
8.004669
5.196673
4.655653
5.091240
6.223516
4.827787
6.487403
6.304641
6.488696
5.584390
8.551065
3.811625
6.067543
4.855154
5.677542
4.698004
4.476260
4.555572
6.793484
4.534278
6.848290
7.350155
7.230699
6.208795
3.680868
6.405141
5.030928
3.533610
6.444114
5.406101
5.230358
6.857429
5.537055
7.574812
5.108242
5.920005
5.074945
5.419772
4.384013
5.182363
6.992255
5.954731
6.347250
4.867235
5.945718
6.119619
5.904887
7.944072
5.501794
5.138235
6.530031
8.293007
7.092932
4.547085
5.096767
5.282158
5.227013
5.629736
4.585322
4.992625
5.434331
4.991057
5.641971
5.325575
6.436511
6.005736
4.978045
5.225782
7.021712
5.875434
4.592435
8.255989
8.110516
7.028957
5.801952
6.756483
5.496858
6.599827
6.063926
7.824249
4.748382
5.715608
5.575412
4.346078
6.750596
5.333386
7.633385
7.320002
5.379204
7.355764
7.740301
4.699438
4.784978
7.761743
4.439384
4.994412
4.775568
5.486882
5.864037
6.864239
5.778592
6.787089
4.985723
7.936025
6.870419
5.820436
4.544728
6.083386
5.354988
8.181368
4.648138
5.399738
4.377057
5.121675
6.019447
7.100549
7.054245
6.192607
5.884139
5.588912
5.612256
5.042512
6.475637
5.918835
7.007645
4.104358
8.145982
4.890597
4.522510
5.907531
6.065633
6.012575
6.815486
6.748272
7.496747
7.563887
7.913404
7.453128
6.624319
3.992247
6.628011
5.969802
4.929561
5.881400
7.882104
7.519766
8.089896
4.722512
5.429469
7.047020
6.389931
4.723884
6.452987
6.697365
4.627794
5.893384
5.525296
8.062571
4.501211
5.627944
6.416375
3.923811
3.457689
7.044523
8.232422
6.228741
6.993189
6.286897
5.370413
6.036591
5.383659
4.042651
5.772705
5.165658
4.833802
6.504754
5.966061
7.277556
6.027459
7.012090
7.369485
4.132617
4.063975
5.603319
6.355215
6.750805
7.764926
6.718438
4.547275
6.212524
6.335584
5.282426
7.841950
6.833695
8.365497
6.405350
5.634557
4.449472
7.152546
5.933288
5.736893
4.540979
5.334871
6.084466
6.469726
4.939439
5.815030
7.404976
3.414717
7.842067
7.960775
5.278443
6.310138
5.874111
5.066801
6.224028
5.574761
5.931407
7.061874
5.217130
5.944300
6.537829
4.445679
6.267175
4.704774
6.452002
6.439792
5.486855
6.007173
7.257664
6.337130
6.887198
6.747789
6.672041
6.034266
4.132844
6.498607
5.306616
4.730980
6.491902
5.972112
6.614664
6.781421
6.214761
3.504897
5.759934
6.681254
6.576229
6.044447
5.140843
7.175171
5.815380
8.123468
6.304567
6.469137
5.207480
5.306141
5.985396
6.531747
5.502370
5.590678
7.001735
5.469068
4.963675
6.252550
5.746121
6.957348
5.243219
5.612758
7.002632
5.717950
6.325026
5.215539
6.826061
6.018915
5.773269
5.899861
5.217241
5.187491
5.518549
7.249099
6.328881
5.118037
6.416888
4.903252
5.936291
4.759663
5.815789
7.218093
4.907387
5.567973
5.361762
5.755610
6.406325
6.905300
6.283675
6.090127
6.565161
5.373805
5.386309
5.414466
5.357899
7.065804
5.988499
5.430543
4.411314
6.715715
5.040223
5.008755
6.486907
7.737985
4.653024
6.100542
5.368383
5.135384
4.278139
6.388503
6.889026
4.262029
4.766708
4.158427
5.833333
4.425523
5.546430
5.877632
7.447294
6.312582
6.149062
4.963972
7.291695
7.222519
5.323116
6.229895
6.172803
6.092968
4.966132
5.485922
3.884830
5.302216
5.110915
4.787930
6.498527
8.232524
3.200096
6.812606
4.930310
5.578811
3.883401
6.845447
5.526266
7.387068
5.572000
6.865690
5.395433
7.806888
6.984305
8.212533
7.226722
5.542483
5.917610
8.317040
6.323856
5.986560
6.479924
6.984085
5.592698
5.021435
7.016392
4.708723
8.215355
5.471755
5.964668
5.511365
6.745417
6.193211
6.873616
5.776121
6.358715
6.781609
8.819725
4.576690
6.993975
4.886680
5.455587
5.974182
6.117736
6.114998
6.924853
6.771232
5.847912
6.506387
5.877997
6.206788
6.170371
5.568187
4.823300
7.075954
5.982909
6.851762
6.047406
7.759247
5.700987
6.055607
7.339839
6.645666
5.159615
7.639460
7.755846
6.433919
8.545750
5.933756
7.651944
5.796212
5.095591
6.728829
7.228552
5.888956
5.291135
7.328225
6.814074
7.194772
7.290385
6.050493
4.124813
7.180174
6.325565
8.163849
5.735094
6.253296
6.803733
5.238068
6.991958
5.506048
5.844166
3.897988
5.608819
5.725066
6.986877
5.963004
5.172452
6.155835
8.806660
5.956921
4.797676
5.504371
6.167018
7.972543
5.164131
4.660814
4.848369
5.875376
7.169498
4.629324
5.284884
6.830814
5.433556
7.148657
6.144354
5.139185
5.887442
6.487784
6.485436
4.363041
5.682491
4.900930
7.226678
6.731051
6.653032
6.226423
5.661683
3.802887
6.567510
3.113705
2.754786
6.379461
6.402321
5.362903
7.951634
5.642915
6.872722
4.861311
5.239021
5.510703
6.455191
7.601186
8.188374
6.188177
5.135629
5.263202
5.717255
5.904020
4.117760
6.849965
6.303256
5.812929
7.726107
4.853949
4.384656
7.049891
6.737933
6.444225
7.682230
5.920468
5.378505
6.156368
6.176568
5.211425
8.214064
5.569919
4.475288
8.606100
8.176880
6.457757
7.304522
5.188892
5.956751
6.891784
5.859038
8.023224
6.993347
6.789271
5.745378
5.787374
7.303748
5.384266
5.252401
6.452546
7.379564
6.108415
6.683578
3.987541
8.388013
5.365584
6.485439
6.074423
4.911329
5.684664
5.906537
5.819549
4.458872
6.734908
5.921298
5.444322
6.986318
7.688210
6.153149
5.940073
6.656310
5.412668
4.531281
3.671411
5.074931
6.981831
6.415429
6.912453
5.238390
5.983989
4.923051
7.300272
6.424279
6.115886
7.193268
7.189972
6.261795
5.545242
5.321951
6.895740
6.215283
5.526434
6.702322
6.802259
4.715493
6.753737
4.505452
5.330866
4.172907
5.936482
7.035022
5.744812
5.107532
6.080520
6.690729
3.778011
4.629511
6.960351
7.274709
6.071652
7.504952
5.266312
6.375354
6.403050
7.041329
6.911177
5.562895
4.691099
7.026835
5.980566
4.131125
4.762721
5.958076
4.811524
5.119649
3.864672
5.790462
5.683647
6.351012
6.905083
6.445678
7.607136
6.217109
5.409117
7.310615
5.692143
4.949228
4.173106
5.962124
4.583801
4.106116
5.601557
6.351985
4.447293
7.014431
5.711387
4.686446
5.987351
5.895974
6.787771
7.234722
6.986550
5.416045
4.675984
7.300825
7.846779
5.387338
4.693592
6.593096
5.618260
7.363708
6.147387
5.225819
5.000487
7.858223
5.439433
5.587290
6.799471
4.919847
5.746599
4.308718
5.325652
6.803143
4.257944
5.568322
5.216864
6.465374
6.954355
4.965024
5.170724
4.625366
5.914781
4.196080
6.070815
4.118512
5.133462
5.773055
6.991048
6.282304
5.832514
6.010493
6.562571
7.106741
6.254257
5.521674
5.187603
4.884023
6.917648
5.455823
6.584563
6.091872
5.323201
5.711145
6.148879
7.244879
7.090776
5.358079
5.613837
7.448244
7.514592
6.507111
6.495866
7.388277
7.519859
5.855564
6.808610
6.494050
6.005400
6.147699
6.530180
5.004559
6.556623
5.782537
3.307955
4.675784
4.513238
6.803749
4.885303
5.862013
6.376085
6.506009
6.734607
4.705812
6.537443
4.892170
6.380957
6.171009
6.319208
5.215655
5.900898
7.653073
4.303297
6.842418
6.080596
5.901261
5.938675
7.666863
5.717810
5.986903
6.409360
7.316100
5.552028
5.052211
6.747791
6.376895
6.307162
6.573979
6.177937
6.879707
5.331159
5.876543
4.672510
6.274180
4.316916
6.628396
6.708668
5.130463
6.588866
6.056812
6.206582
5.800734
5.439611
3.614865
6.635237
8.275309
7.000986
5.835214
5.269838
5.467700
6.133916
7.105035
4.585216
4.163007
6.821445
7.096464
4.769583
4.864014
7.549319
5.586940
5.343028
6.769366
6.158493
5.403809
5.865126
5.118199
5.653931
6.227575
3.716032
7.135602
4.454084
6.988166
7.935432
6.813281
6.565417
6.588594
7.103741
6.759810
6.166361
7.690381
8.249897
7.354830
6.085059
6.295131
5.770159
7.441578
6.655287
6.856615
6.342250
5.792129
6.434932
7.657750
5.819247
5.579708
5.271381
6.186852
5.087578
6.092465
6.198219
5.247519
4.873508
6.923075
6.647593
7.536541
6.482480
5.868545
5.462635
6.424204
7.455703
6.774605
7.194297
5.671351
6.128341
6.559042
6.166994
6.817598
7.073693
4.648380
6.797413
6.975059
6.417735
5.062254
6.650882
4.761966
5.008396
5.379868
6.719650
7.110560
5.423949
6.822906
6.407474
7.683619
4.804882
4.689277
6.704878
4.634005
5.493638
4.372060
4.039460
6.441610
7.466584
6.198033
6.285622
6.562059
5.542597
5.320157
5.418103
7.621562
5.352636
7.898387
6.293682
5.892287
7.054668
6.803189
6.045428
4.782613
6.778341
5.076143
5.573879
6.076666
5.783761
6.381988
5.619519
6.657487
7.318756
5.686512
3.900924
6.448221
7.159006
5.394639
5.802963
7.305699
7.815405
7.183095
5.099416
5.600785
7.393033
6.762031
6.194398
5.219871
6.086122
5.799981
6.366956
5.721884
6.293372
6.246516
4.503204
4.385186
5.338013
6.286984
6.800398
6.878748
6.776975
5.163705
5.927302
6.291957
4.283544
4.097992
6.125220
4.257448
6.087875
6.547383
6.734093
4.901327
5.959754
6.032448
5.628010
6.355157
5.717956
4.767553
5.044515
6.564093
6.250598
4.329955
4.292098
6.125532
7.030855
6.601600
6.820223
7.892654
6.112406
7.218005
5.136292
5.077231
8.588995
6.758589
5.053897
5.586081
6.502476
5.912837
7.756753
5.325541
7.183726
4.856673
5.162677
7.208322
7.010784
6.073408
5.071989
6.597146
8.568610
5.853643
6.584718
5.919517
5.194826
5.708506
6.270974
6.188009
6.895819
4.930590
6.578875
5.160453
5.617581
5.536976
5.964394
5.874384
4.855659
6.828702
5.227508
5.290135
4.588597
4.801074
5.539017
6.776949
6.519228
7.639174
3.642417
5.176481
6.608211
6.532948
6.715189
6.178070
5.884183
5.046256
6.373898
3.740152
5.514883
5.274242
6.307452
6.292188
7.123651
6.023418
5.022926
4.451493
9.335659
6.248823
5.188292
7.989323
4.538250
4.982641
6.056464
7.780612
5.839766
6.988641
6.455005
4.471718
5.211239
7.376835
5.825893
6.600574
5.795317
4.412702
4.799698
4.903594
6.366799
4.755381
3.788572
7.543728
3.929159
7.359179
6.082402
6.994037
6.431432
6.272798
5.932519
6.311152
7.589831
6.570634
4.107324
6.533011
4.798486
6.650535
5.404220
7.935228
5.113655
7.132382
6.602213
5.880491
5.295809
5.591886
6.339561
3.995340
4.893947
4.363960
6.400854
5.408725
6.356523
6.650038
4.897885
6.786697
8.153361
7.163740
5.828695
6.897620
7.892928
4.549228
5.499174
4.442281
6.419349
6.806653
6.291581
6.883253
5.873527
6.959047
6.264361
6.007920
5.702752
8.195049
6.067637
4.959504
5.603174
4.721844
6.658756
6.470489
6.379510
5.562669
5.302251
6.032820
5.706358
4.533282
6.338609
6.739230
5.775507
5.631757
6.206204
5.530099
4.813598
6.075991
5.200789
5.580199
5.454530
7.223283
5.456907
7.559703
5.950971
7.606372
4.635596
6.503845
6.209359
6.320304
4.802778
6.025590
5.632763
5.994506
6.982688
5.605703
5.755982
6.584438
4.870732
5.694578
5.657249
7.217200
6.190142
6.360219
5.130933
4.325471
6.176804
5.216729
5.605589
5.304151
4.676638
4.367698
6.791755
7.924085
6.339895
6.098859
5.043857
5.737241
4.396762
6.054380
6.420593
5.707717
4.498636
7.631179
5.428193
7.302954
4.109444
5.325632
5.430901
5.279531
5.931392
5.767046
6.713078
5.397913
6.849510
5.172277
6.177286
7.300529
6.879375
5.955860
4.662736
7.787555
6.602371
4.230041
4.868472
7.724778
4.572892
5.929066
5.865662
6.817915
6.181824
5.292124
6.183385
7.487763
5.460716
5.439294
5.452268
6.080550
7.310989
5.774899
5.590370
6.647871
6.642579
5.952617
7.515667
6.530575
6.906367
6.136739
6.369531
6.980989
6.504793
5.293942
6.235567
4.057834
5.565017
5.249959
5.338189
7.028239
5.558997
5.245514
5.705303
5.511191
7.254872
5.725895
6.279479
6.596830
6.484022
7.098556
4.461986
5.175944
6.208165
7.193098
4.074058
4.714039
6.370892
5.158028
4.719778
5.704374
6.017990
6.528658
6.534944
5.034314
6.170942
7.200516
5.306296
6.499403
4.937981
5.042657
6.945483
5.699503
5.347060
5.885237
4.302138
5.551395
7.385125
7.615734
4.300437
6.652211
7.728062
5.118180
5.383531
5.728066
5.645691
6.789791
5.250196
6.402276
5.566184
4.369363
5.868113
6.517528
5.784286
4.811811
6.748118
5.246379
6.797704
4.943222
6.463829
7.224460
6.756045
6.630808
5.400993
5.940765
5.506684
6.202118
4.720961
7.619392
5.721927
5.847902
5.522633
7.827107
4.591845
5.742978
7.187278
6.041130
4.567160
6.619514
5.890582
6.411480
6.636557
5.527051
6.266311
7.952293
5.622790
5.513691
6.205960
5.396463
2.981964
4.962793
5.778759
5.947983
5.590367
6.319557
4.256423
4.166377
6.003224
6.941884
6.227008
7.217575
7.669751
5.809878
4.782254
7.725630
7.588882
5.828358
7.762790
7.459633
5.890047
7.456771
7.045576
5.090205
5.823368
5.400866
6.857954
5.249955
6.643661
7.100517
4.102690
7.132257
5.872610
7.748060
7.678370
7.862739
6.423483
6.571519
5.779541
6.877848
6.072785
7.117107
5.160955
7.544873
6.763194
6.265366
6.350305
6.257798
4.222187
5.715322
5.793822
5.243355
6.380700
6.671038
4.919104
6.311667
7.076222
5.464929
7.099561
4.785833
6.524687
6.852226
5.504844
5.844858
5.045530
7.710949
4.821636
5.514272
6.524307
5.881781
6.829180
6.538847
8.097226
4.882206
6.813915
6.371748
5.541984
5.229288
4.807603
6.514536
5.859274
5.105469
6.633316
5.442361
5.529345
4.101762
7.743656
6.348737
3.927981
5.772708
6.835591
4.944281
6.386281
6.737475
6.226272
6.543771
7.378616
5.061481
5.974220
4.675915
6.323128
6.652900
7.730237
6.450200
7.479157
4.408445
5.302442
5.915194
6.425971
5.842787
6.919780
6.642681
5.607160
6.935993
7.178405
5.771997
6.425086
4.933361
6.655287
6.748948
6.369754
4.832013
5.173442
5.993686
5.666486
6.288643
5.703138
6.731911
4.926761
7.682773
4.883472
7.223780
8.286612
6.069903
6.148674
5.624892
6.516941
5.758934
7.443530
4.713740
4.590138
7.248227
5.512283
5.719975
6.187365
4.254685
5.745410
6.487892
7.630902
5.570221
4.568616
8.209486
4.725905
7.480002
6.358452
4.961466
4.995968
6.476830
5.868922
5.280600
7.796859
6.006038
7.153436
6.011763
6.792803
4.975289
6.966518
7.663067
4.279692
6.763628
8.629610
6.502446
6.839589
5.464194
5.345374
5.630070
4.810909
5.094929
5.944843
8.260961
7.058652
6.511702
6.051825
7.452201
5.529050
6.758180
7.648900
6.509075
5.073024
7.586855
7.029416
4.304568
6.022808
4.885585
5.119842
4.746545
4.006123
6.744026
8.156859
4.627025
5.482276
4.894329
6.703556
8.087908
4.484558
7.260491
3.989126
4.937524
6.053316
6.350708
6.556405
6.052400
6.844069
4.227133
6.201663
7.098595
2.395056
5.787394
6.191001
6.806999
4.538576
5.092260
6.737727
5.036954
6.440507
6.473819
6.725110
4.862588
5.752368
6.158554
6.658851
7.916226
4.360311
5.139684
5.833680
4.223251
7.215407
7.033146
4.698431
5.762806
6.729610
5.651599
7.403985
4.988688
5.221764
8.030814
6.518443
6.544834
5.898041
6.642841
4.893912
7.409756
7.851172
6.530305
6.669280
4.704304
6.562855
6.096238
6.393351
5.397139
5.393713
7.283784
5.252715
5.142287
5.545167
5.880185
6.388730
5.483138
5.977622
6.679406
7.287993
6.657291
4.769318
6.237774
5.230664
5.236588
6.400225
4.957017
5.781041
4.836739
4.445376
5.229059
7.304728
4.130900
7.161988
6.376974
6.496809
6.401573
5.454757
7.126439
6.905363
5.865228
6.703709
4.342097
6.434735
4.003984
5.938966
4.763171
4.812900
6.138763
6.846819
7.472737
7.007330
5.478264
4.091468
5.835003
4.573711
5.878146
5.436817
7.634981
6.921897
6.544790
4.152686
6.154937
5.483486
4.918015
6.189828
6.921968
4.765366
4.967126
5.608117
5.861114
5.273636
6.134666
6.742285
5.588344
4.292258
7.162251
5.589582
4.577826
7.500818
7.032851
6.903737
5.937829
6.415777
6.263916
4.479592
5.529648
4.639583
5.785692
6.112781
5.163920
7.902019
5.639124
4.718843
6.608704
6.878159
5.727720
7.096121
5.143713
7.767317
6.857732
4.816841
5.395049
4.617349
6.301050
6.730746
6.184848
4.378699
7.115180
5.565642
5.130179
6.672553
6.454665
5.109247
5.725590
5.257480
6.108349
3.456722
6.643671
7.178930
6.496837
4.808238
6.988016
6.585976
6.364539
6.300977
6.232941
6.199663
6.400668
6.359924
5.584350
6.417341
6.023571
5.051839
4.496127
6.037367
6.562759
5.926775
6.076403
7.588534
4.073021
4.831522
6.118107
7.248616
6.014997
6.179342
7.488149
7.336402
7.036571
5.160392
5.609627
6.361588
6.089478
5.377182
4.771424
6.616902
6.115488
6.389465
5.999568
5.296849
6.536544
5.652920
7.224747
6.127434
4.783232
6.336020
6.480327
6.491250
4.095955
6.499431
6.865272
6.032305
5.833184
6.122353
6.006330
7.724953
5.521174
6.460146
4.753858
6.391320
5.879498
6.217640
4.845668
6.651585
7.056793
6.022487
5.273266
7.291498
5.311084
4.682937
5.084857
7.031512
5.369066
4.714422
4.359488
5.681903
7.698711
4.619297
5.086723
7.668243
3.929583
6.404150
5.686190
5.911618
5.655235
7.819016
4.901415
7.047953
5.852057
7.802908
2.802286
4.970825
5.148957
4.620004
4.630540
5.682137
8.182244
6.170901
5.222639
6.435025
6.270099
5.963278
5.744420
6.153384
4.640986
5.226365
5.471881
4.112373
7.450411
6.653586
5.352485
6.864283
6.820372
6.257745
7.081362
6.394145
7.135898
6.823146
6.426776
6.489443
7.833038
5.439003
6.539227
6.308323
5.912679
7.598524
6.978586
6.130649
6.414577
5.348052
7.193608
4.276313
7.085960
6.970622
4.188220
7.175137
6.479088
6.688316
7.108951
7.572781
5.712144
5.867801
6.487878
5.856995
8.127834
7.213406
7.875465
4.488619
3.084058
6.432128
6.597669
6.521690
9.111044
6.854935
5.371692
6.197032
5.669307
5.498743
6.514745
6.593718
5.742821
6.053444
5.480209
4.322753
5.501756
7.278355
5.455561
7.247382
6.269190
6.292465
4.756447
5.214380
6.026132
6.242862
5.751264
6.780695
6.689264
5.835701
6.050644
6.919842
7.395755
6.214100
3.696200
6.692399
6.029534
4.667334
4.082915
5.864989
6.223391
6.655705
5.349551
7.462127
6.071285
6.635456
5.971449
5.235302
4.785232
7.168115
7.290097
7.033671
7.531144
5.798631
6.713838
6.060735
5.678004
5.186690
7.324100
8.001386
4.694741
6.975573
4.621518
6.003677
4.929189
5.882950
5.146317
7.499717
4.503501
6.497957
5.707349
6.850042
4.560388
6.268956
5.954133
5.795852
6.094567
8.166347
6.026307
6.703483
5.603792
5.504795
6.014824
5.585492
6.793835
4.409260
3.969312
5.882729
7.571796
6.409205
6.185939
5.991762
5.562125
6.645344
5.510175
6.522052
6.379718
5.173322
4.388817
4.267228
5.894472
5.848688
7.405669
7.874854
5.721664
5.277545
6.035219
7.199054
8.172543
6.317250
4.348730
6.320379
6.899498
7.611535
4.407085
6.217277
6.470179
3.644424
4.074780
6.073557
6.104953
6.797333
5.989429
6.206208
4.812061
5.893712
5.421172
5.597961
5.154858
4.715608
3.756341
6.018957
5.885505
6.976537
5.339770
5.721903
5.679494
5.235022
5.410127
5.695089
5.205375
5.233178
5.862638
6.457643
4.764069
6.144731
5.573571
6.381395
5.732127
6.216822
6.020872
7.523729
4.043329
7.290000
6.935314
4.955795
6.942978
4.680750
4.716541
6.570461
6.249283
5.910953
5.348375
5.354368
6.356193
5.768644
6.547768
5.108482
6.212059
8.184439
5.881777
4.601498
5.508507
6.408019
6.586921
7.140488
6.313884
5.969028
5.825314
6.543153
5.385664
4.906781
6.111939
5.496069
5.396186
5.753134
4.647435
7.283287
6.306086
7.752912
6.290782
5.869674
5.119826
7.806256
7.906252
5.323364
4.257662
5.617272
5.819001
6.561697
5.778452
4.533351
6.113680
6.405013
4.687668
6.559537
4.510439
6.922693
4.564980
7.032327
7.552697
5.055801
5.745807
5.437255
5.841054
4.500717
6.291192
7.854665
5.047726
5.838134
6.980379
5.518026
6.445864
5.891786
5.560476
4.969165
5.688149
5.301289
6.487570
5.294814
6.569024
5.293470
6.393671
5.928812
6.504945
5.636556
6.513867
5.504376
8.467024
6.761603
5.308050
5.240775
6.100444
6.035525
5.511606
7.348822
7.765009
6.170126
6.849428
6.939526
6.231218
5.751479
4.647636
5.920297
5.766230
4.874048
6.577384
4.363082
5.344092
3.863923
4.765109
5.828787
5.714618
7.075535
5.503622
6.132383
7.065276
5.746238
5.798399
6.033054
5.010478
4.893125
3.983449
4.333777
5.642628
6.236454
5.641145
5.874692
5.379318
6.134064
6.060377
5.904649
5.341040
7.511151
4.467416
6.315309
5.993793
4.769776
6.263855
6.222161
5.790950
7.662490
6.506005
6.376839
5.548779
8.114444
6.860122
6.895122
5.289972
4.978359
5.267842
5.784968
5.289573
6.706731
4.556188
5.758986
6.057666
4.925652
6.226541
6.815697
7.993215
4.894613
6.656936
8.073972
6.443414
4.836671
5.952064
7.345022
3.902934
8.123348
6.675356
6.926305
4.087437
5.298650
4.697516
6.101741
4.615728
3.926561
6.395894
6.832591
6.034930
7.246408
5.439055
6.123391
6.923053
7.620459
6.390934
6.547309
6.803321
5.758127
5.368943
4.415299
5.604654
5.701171
4.990406
4.073432
6.402657
5.554248
4.841707
4.812770
6.175509
5.945210
5.704509
7.876173
4.309116
6.199504
8.773433
4.046393
5.585905
4.213064
5.099568
6.299855
7.391641
5.008066
5.494183
5.010472
4.874632
6.955910
5.127017
6.187903
5.791703
6.651823
6.053535
6.234586
6.775312
4.425447
7.905499
6.705969
7.756185
6.471781
5.979255
5.558270
6.275842
4.586869
4.956096
5.368174
6.423392
3.492592
7.489082
6.008822
5.130970
4.734948
7.890687
4.266478
5.562191
6.140200
5.155652
5.882240
6.327995
6.813249
6.553422
4.503178
5.264265
7.662626
6.024534
6.027274
6.505584
4.436469
5.615333
5.826525
6.589506
8.253860
7.185401
7.332610
7.325727
4.615900
7.622058
5.469468
5.164519
4.880893
6.796321
8.417182
4.798806
5.188021
5.494697
8.191530
5.734263
5.813870
4.561172
4.523598
8.561797
6.946208
6.483793
5.523798
6.666809
5.859359
5.660189
4.614703
6.109587
6.475575
6.576436
7.217043
5.411226
5.296760
6.133622
6.673258
5.979431
5.690939
6.356491
6.892969
5.908594
5.517828
4.718540
6.204751
5.888515
8.077904
6.317954
5.898580
5.956135
7.369322
7.138738
5.943326
6.824664
6.637080
5.631431
6.363675
5.524479
6.198787
6.847782
4.760843
5.090160
7.531422
8.363743
5.461470
6.028047
6.603451
5.225179
4.779060
8.298689
5.436688
5.150653
5.872342
4.548561
5.882253
6.225665
5.684939
6.325419
3.595034
6.322724
4.450699
8.011682
5.190994
5.481624
7.249084
7.210195
6.571726
5.484298
5.094976
8.316769
6.400613
6.858630
6.047291
4.013860
6.714977
6.545597
6.820753
6.419765
5.658589
6.464114
5.385235
4.627711
7.318914
7.207957
5.037004
6.369210
6.653468
7.109153
6.426280
8.536063
5.489663
4.902180
5.025462
5.295373
7.582512
7.223392
7.522405
5.531955
4.714568
5.180012
7.623119
4.352515
5.822479
6.223083
3.748268
8.385967
7.134525
4.558752
5.107842
3.614274
5.303520
6.332253
5.638383
5.468173
7.519447
3.818977
5.287123
6.922177
5.586209
6.856994
5.127434
5.323211
6.946857
5.755401
6.789943
6.687274
7.641693
6.912883
5.693702
5.198484
6.183595
5.380849
6.561773
5.644900
6.334967
5.605522
4.705624
6.525480
7.770663
4.583365
5.562689
4.562560
5.611279
6.664206
5.971479
5.354224
5.811184
6.236443
6.668621
5.900941
7.385653
4.528713
7.492190
5.740848
7.461496
7.762377
5.775721
6.428045
6.135541
5.889224
6.417263
6.088290
6.125360
4.148744
4.107860
4.786453
6.196600
5.679364
6.203837
5.440120
6.351304
5.418007
6.727246
5.013709
6.761593
6.522366
6.978875
6.727483
6.433084
5.550245
6.248170
5.015830
4.582417
4.630367
6.104464
5.969179
5.713274
4.859007
6.753875
5.993944
4.375251
5.156825
6.946254
6.424854
6.589978
5.820292
5.916555
7.824049
5.928837
8.002056
4.845010
7.701327
6.226674
7.354653
7.320470
7.389899
5.915875
6.071908
5.291300
4.812042
5.965170
7.562429
6.988195
5.869016
5.407556
5.989547
4.303297
6.189632
6.441700
5.912094
9.109987
5.971823
4.091209
6.260377
6.007717
5.651625
7.406133
5.881742
7.976283
4.133908
4.191080
5.890082
6.423874
4.319265
8.244316
6.053688
4.113318
6.661407
6.092230
5.455792
7.450860
6.489459
5.203533
7.662201
6.621872
6.829517
5.667566
4.630376
5.057859
5.459853
6.321098
5.594353
6.719139
4.934131
6.307988
6.159857
7.677574
7.307025
6.056070
5.844005
6.483721
6.296596
5.655668
7.293957
5.802786
7.617815
5.624084
3.418905
6.803749
5.221604
6.040451
4.669761
4.786039
4.173768
7.035324
6.700924
6.528131
5.908198
4.619380
5.648511
7.842446
5.588710
4.835607
6.259406
5.820918
5.313911
4.219350
5.105523
5.255618
5.899446
5.550598
7.117648
5.718799
3.972024
3.882881
7.673228
4.786731
5.109580
4.833149
5.472505
6.891725
5.761955
6.117021
5.437339
5.286697
5.686470
5.313762
4.867121
7.606652
5.632767
6.845374
7.086142
7.511480
6.011293
5.154178
4.816783
5.894410
6.279803
7.063249
5.512918
5.140526
6.782250
7.304094
6.887897
5.919699
6.774450
7.195937
5.871478
3.998320
5.370886
4.460996
6.230097
4.554209
7.147025
5.160113
6.084835
6.479070
6.131538
5.733128
5.561472
4.152868
5.922779
7.128361
5.806993
6.174512
5.663910
6.005579
6.606922
5.533205
6.611042
7.996827
6.837867
4.704846
6.028771
6.009496
6.989637
6.157854
6.147478
5.555995
4.991322
5.752792
4.916775
7.094424
6.575698
5.520167
5.289470
5.364588
6.416341
7.300772
6.770415
5.703769
5.271815
4.732962
4.964636
5.326593
5.371320
7.071219
6.859092
7.553390
6.276171
7.320395
7.572460
7.971416
5.451478
5.170007
7.307312
6.513307
5.782409
5.212950
6.239054
5.437153
7.269407
4.933013
8.076015
4.192546
4.136735
5.945565
4.025045
6.156998
5.588733
4.975795
5.897017
6.227097
6.448146
7.058872
5.086584
6.248764
5.910912
5.446404
5.160588
6.271008
5.651783
5.703572
5.789483
4.607536
5.515143
6.481312
5.756148
6.690597
7.025415
6.447924
5.776475
4.701448
6.951415
6.864474
4.866090
5.961790
5.159041
6.288373
3.987600
4.070584
5.986669
5.889507
4.712728
5.770586
4.377619
5.863286
6.633716
6.529005
7.004093
5.424999
7.258372
4.816643
6.616922
5.869832
7.123134
6.069898
4.855538
6.182944
5.858525
4.319998
5.752513
6.683966
7.941380
6.473856
4.167060
5.190295
5.868208
5.230900
6.381859
6.183562
5.484079
3.620276
6.097590
5.463651
5.201403
7.142776
5.059549
6.774645
6.842969
6.501887
7.550718
5.887061
6.843634
4.908320
5.985658
6.620771
4.545031
4.942402
4.839619
6.292960
6.317659
6.958707
5.147221
6.075517
4.244755
7.017293
6.805091
4.746223
8.102296
4.325932
6.912838
5.318105
5.369525
4.177693
6.386720
6.031351
6.004370
6.368272
4.080406
7.192140
5.718127
6.077422
4.647177
6.342776
6.483788
6.198877
5.377972
6.247489
5.012387
6.103138
5.249629
5.178296
5.931736
6.817485
3.417712
4.985271
6.401932
4.607616
5.388288
6.435630
4.902002
4.945257
7.103037
5.305977
6.922073
4.846145
5.172069
6.712104
4.295425
6.562742
6.488819
5.160716
6.904820
6.616059
7.461393
5.807454
6.497467
5.150969
6.094751
5.405587
6.343013
3.599384
7.158093
5.429763
4.468914
5.635659
6.671821
6.859172
6.207587
4.408618
6.948464
6.104517
6.789696
5.034561
6.421922
6.563155
5.717956
5.335630
5.499427
5.286786
6.655836
5.807920
6.670576
5.246069
5.565522
5.803688
6.107820
6.676534
6.829526
6.912064
6.992790
5.990168
6.090313
3.522609
7.802817
6.737052
5.542321
6.556119
4.792040
8.101418
5.410745
6.347035
5.901468
6.416511
6.351466
4.661845
6.332369
4.182618
5.506502
5.837837
6.017368
5.072650
4.949342
7.026603
4.223622
4.409648
6.254555
6.526639
5.522449
5.600583
4.926039
7.189444
6.359794
6.010837
5.418289
6.883470
7.461893
6.763727
7.485056
7.000319
7.310518
7.949457
6.589772
5.987540
4.922180
5.727865
6.112124
5.892423
6.165661
7.809347
7.085135
4.901143
6.852251
4.798326
6.197152
6.857654
4.833061
6.883652
5.793084
6.746680
6.337800
4.360292
5.609302
5.125206
5.789375
6.466700
5.976538
7.486815
7.328695
7.022233
6.225189
5.543280
5.284062
7.348992
6.027385
4.407747
4.819513
5.962462
5.410200
6.663924
4.996489
6.515325
6.174375
5.305615
6.483215
6.478820
6.452945
6.530998
7.146156
7.046034
6.144123
7.376019
6.757930
5.741482
5.952832
6.171261
6.056053
5.221367
5.775251
4.806681
6.386880
5.748889
6.160759
6.788584
4.169140
6.828975
5.585643
7.073209
5.411415
5.486809
7.272945
5.661293
5.517953
6.674536
5.292836
6.938008
7.617185
6.290516
5.677873
5.742628
3.647326
5.295498
6.287529
7.152304
6.433427
6.410098
7.156365
5.964336
6.990257
6.877948
5.060216
6.861293
7.285389
6.778893
6.034778
6.243381
5.696876
4.376612
6.580951
5.712417
5.399866
3.985041
5.291333
6.191787
5.916559
5.837968
6.632231
5.666771
6.063867
5.446173
5.615557
4.529598
5.533151
4.926499
7.095006
5.513622
6.336413
4.787214
6.420859
5.200970
4.353323
6.654056
6.187819
5.088067
5.213446
6.421317
