0.000000	0.250000
0.010000	0.255050
0.020000	0.260202
0.030000	0.265457
0.040000	0.270817
0.050000	0.276283
0.060000	0.281856
0.070000	0.287540
0.080000	0.293334
0.090000	0.299240
0.100000	0.305260
0.110000	0.311396
0.120000	0.317649
0.130000	0.324020
0.140000	0.330511
0.150000	0.337123
0.160000	0.343857
0.170000	0.350716
0.180000	0.357699
0.190000	0.364810
0.200000	0.372047
0.210000	0.379414
0.220000	0.386910
0.230000	0.394538
0.240000	0.402298
0.250000	0.410191
0.260000	0.418217
0.270000	0.426379
0.280000	0.434676
0.290000	0.443109
0.300000	0.451679
0.310000	0.460387
0.320000	0.469232
0.330000	0.478215
0.340000	0.487337
0.350000	0.496597
0.360000	0.505996
0.370000	0.515533
0.380000	0.525208
0.390000	0.535021
0.400000	0.544972
0.410000	0.555060
0.420000	0.565283
0.430000	0.575642
0.440000	0.586135
0.450000	0.596762
0.460000	0.607520
0.470000	0.618408
0.480000	0.629424
0.490000	0.640567
0.500000	0.651835
0.510000	0.663225
0.520000	0.674735
0.530000	0.686362
0.540000	0.698103
0.550000	0.709955
0.560000	0.721916
0.570000	0.733981
0.580000	0.746146
0.590000	0.758409
0.600000	0.770763
0.610000	0.783206
0.620000	0.795732
0.630000	0.808336
0.640000	0.821013
0.650000	0.833758
0.660000	0.846564
0.670000	0.859426
0.680000	0.872337
0.690000	0.885291
0.700000	0.898280
0.710000	0.911299
0.720000	0.924338
0.730000	0.937391
0.740000	0.950450
0.750000	0.963506
0.760000	0.976550
0.770000	0.989574
0.780000	1.002568
0.790000	1.015523
0.800000	1.028430
0.810000	1.041278
0.820000	1.054058
0.830000	1.066758
0.840000	1.079368
0.850000	1.091876
0.860000	1.104273
0.870000	1.116545
0.880000	1.128682
0.890000	1.140671
0.900000	1.152501
0.910000	1.164158
0.920000	1.175631
0.930000	1.186907
0.940000	1.197973
0.950000	1.208816
0.960000	1.219423
0.970000	1.229781
0.980000	1.239877
0.990000	1.249697
1.000000	1.259229
1.010000	1.268458
1.020000	1.277372
1.030000	1.285957
1.040000	1.294201
1.050000	1.302090
1.060000	1.309611
1.070000	1.316752
1.080000	1.323500
1.090000	1.329842
1.100000	1.335768
1.110000	1.341264
1.120000	1.346319
1.130000	1.350922
1.140000	1.355063
1.150000	1.358732
1.160000	1.361918
1.170000	1.364612
1.180000	1.366805
1.190000	1.368490
1.200000	1.369659
1.210000	1.370305
1.220000	1.370422
1.230000	1.370004
1.240000	1.369048
1.250000	1.367548
1.260000	1.365503
1.270000	1.362911
1.280000	1.359769
1.290000	1.356080
1.300000	1.351842
1.310000	1.347059
1.320000	1.341733
1.330000	1.335868
1.340000	1.329471
1.350000	1.322547
1.360000	1.315105
1.370000	1.307153
1.380000	1.298701
1.390000	1.289761
1.400000	1.280346
1.410000	1.270469
1.420000	1.260147
1.430000	1.249394
1.440000	1.238231
1.450000	1.226674
1.460000	1.214746
1.470000	1.202468
1.480000	1.189863
1.490000	1.176954
1.500000	1.163768
1.510000	1.150332
1.520000	1.136672
1.530000	1.122819
1.540000	1.108801
1.550000	1.094650
1.560000	1.080398
1.570000	1.066077
1.580000	1.051721
1.590000	1.037366
1.600000	1.023045
1.610000	1.008794
1.620000	0.994649
1.630000	0.980648
1.640000	0.966827
1.650000	0.953222
1.660000	0.939872
1.670000	0.926813
1.680000	0.914082
1.690000	0.901716
1.700000	0.889751
1.710000	0.878224
1.720000	0.867168
1.730000	0.856619
1.740000	0.846610
1.750000	0.837173
1.760000	0.828340
1.770000	0.820140
1.780000	0.812602
1.790000	0.805751
1.800000	0.799614
1.810000	0.794213
1.820000	0.789569
1.830000	0.785701
1.840000	0.782625
1.850000	0.780355
1.860000	0.778903
1.870000	0.778277
1.880000	0.778485
1.890000	0.779528
1.900000	0.781407
1.910000	0.784119
1.920000	0.787658
1.930000	0.792016
1.940000	0.797180
1.950000	0.803135
1.960000	0.809861
1.970000	0.817338
1.980000	0.825539
1.990000	0.834436
2.000000	0.843997
2.010000	0.854189
2.020000	0.864972
2.030000	0.876306
2.040000	0.888147
2.050000	0.900449
2.060000	0.913163
2.070000	0.926236
2.080000	0.939616
2.090000	0.953245
2.100000	0.967067
2.110000	0.981022
2.120000	0.995049
2.130000	1.009085
2.140000	1.023067
2.150000	1.036932
2.160000	1.050616
2.170000	1.064054
2.180000	1.077182
2.190000	1.089938
2.200000	1.102259
2.210000	1.114083
2.220000	1.125352
2.230000	1.136007
2.240000	1.145993
2.250000	1.155258
2.260000	1.163751
2.270000	1.171427
2.280000	1.178241
2.290000	1.184155
2.300000	1.189135
2.310000	1.193149
2.320000	1.196172
2.330000	1.198183
2.340000	1.199167
2.350000	1.199113
2.360000	1.198017
2.370000	1.195880
2.380000	1.192710
2.390000	1.188518
2.400000	1.183325
2.410000	1.177154
2.420000	1.170036
2.430000	1.162009
2.440000	1.153115
2.450000	1.143401
2.460000	1.132922
2.470000	1.121737
2.480000	1.109909
2.490000	1.097507
2.500000	1.084604
2.510000	1.071277
2.520000	1.057606
2.530000	1.043676
2.540000	1.029572
2.550000	1.015383
2.560000	1.001200
2.570000	0.987113
2.580000	0.973213
2.590000	0.959594
2.600000	0.946344
2.610000	0.933553
2.620000	0.921309
2.630000	0.909695
2.640000	0.898794
2.650000	0.888681
2.660000	0.879431
2.670000	0.871109
2.680000	0.863777
2.690000	0.857491
2.700000	0.852299
2.710000	0.848241
2.720000	0.845352
2.730000	0.843655
2.740000	0.843168
2.750000	0.843898
2.760000	0.845843
2.770000	0.848994
2.780000	0.853330
2.790000	0.858822
2.800000	0.865432
2.810000	0.873112
2.820000	0.881807
2.830000	0.891451
2.840000	0.901971
2.850000	0.913287
2.860000	0.925311
2.870000	0.937947
2.880000	0.951095
2.890000	0.964650
2.900000	0.978500
2.910000	0.992532
2.920000	1.006629
2.930000	1.020672
2.940000	1.034543
2.950000	1.048122
2.960000	1.061292
2.970000	1.073937
2.980000	1.085946
2.990000	1.097210
3.000000	1.107629
3.010000	1.117106
3.020000	1.125554
3.030000	1.132892
3.040000	1.139051
3.050000	1.143971
3.060000	1.147601
3.070000	1.149904
3.080000	1.150854
3.090000	1.150438
3.100000	1.148654
3.110000	1.145514
3.120000	1.141044
3.130000	1.135283
3.140000	1.128281
3.150000	1.120101
3.160000	1.110821
3.170000	1.100526
3.180000	1.089317
3.190000	1.077300
3.200000	1.064594
3.210000	1.051324
3.220000	1.037623
3.230000	1.023629
3.240000	1.009485
3.250000	0.995335
3.260000	0.981327
3.270000	0.967608
3.280000	0.954322
3.290000	0.941612
3.300000	0.929613
3.310000	0.918457
3.320000	0.908267
3.330000	0.899155
3.340000	0.891223
3.350000	0.884563
3.360000	0.879251
3.370000	0.875350
3.380000	0.872908
3.390000	0.871955
3.400000	0.872507
3.410000	0.874562
3.420000	0.878100
3.430000	0.883085
3.440000	0.889463
3.450000	0.897162
3.460000	0.906097
3.470000	0.916165
3.480000	0.927251
3.490000	0.939223
3.500000	0.951942
3.510000	0.965256
3.520000	0.979004
3.530000	0.993019
3.540000	1.007131
3.550000	1.021165
3.560000	1.034947
3.570000	1.048303
3.580000	1.061064
3.590000	1.073068
3.600000	1.084160
3.610000	1.094196
3.620000	1.103042
3.630000	1.110583
3.640000	1.116716
3.650000	1.121357
3.660000	1.124440
3.670000	1.125922
3.680000	1.125776
3.690000	1.124002
3.700000	1.120617
3.710000	1.115663
3.720000	1.109202
3.730000	1.101318
3.740000	1.092116
3.750000	1.081717
3.760000	1.070263
3.770000	1.057910
3.780000	1.044828
3.790000	1.031199
3.800000	1.017214
3.810000	1.003070
3.820000	0.988970
3.830000	0.975114
3.840000	0.961705
3.850000	0.948938
3.860000	0.936999
3.870000	0.926067
3.880000	0.916304
3.890000	0.907858
3.900000	0.900859
3.910000	0.895413
3.920000	0.891608
3.930000	0.889504
3.940000	0.889138
3.950000	0.890518
3.960000	0.893629
3.970000	0.898426
3.980000	0.904839
3.990000	0.912771
4.000000	0.922102
4.010000	0.932688
4.020000	0.944364
4.030000	0.956947
4.040000	0.970238
4.050000	0.984025
4.060000	0.998086
4.070000	1.012194
4.080000	1.026117
4.090000	1.039628
4.100000	1.052502
4.110000	1.064526
4.120000	1.075495
4.130000	1.085226
4.140000	1.093550
4.150000	1.100324
4.160000	1.105429
4.170000	1.108773
4.180000	1.110296
4.190000	1.109967
4.200000	1.107785
4.210000	1.103786
4.220000	1.098033
4.230000	1.090624
4.240000	1.081685
4.250000	1.071369
4.260000	1.059858
4.270000	1.047354
4.280000	1.034078
4.290000	1.020268
4.300000	1.006173
4.310000	0.992048
4.320000	0.978151
4.330000	0.964738
4.340000	0.952058
4.350000	0.940346
4.360000	0.929823
4.370000	0.920688
4.380000	0.913116
4.390000	0.907253
4.400000	0.903214
4.410000	0.901080
4.420000	0.900896
4.430000	0.902670
4.440000	0.906370
4.450000	0.911931
4.460000	0.919246
4.470000	0.928177
4.480000	0.938552
4.490000	0.950168
4.500000	0.962798
4.510000	0.976191
4.520000	0.990081
4.530000	1.004190
4.540000	1.018233
4.550000	1.031925
4.560000	1.044985
4.570000	1.057146
4.580000	1.068154
4.590000	1.077780
4.600000	1.085821
4.610000	1.092105
4.620000	1.096499
4.630000	1.098904
4.640000	1.099266
4.650000	1.097572
4.660000	1.093855
4.670000	1.088188
4.680000	1.080689
4.690000	1.071516
4.700000	1.060863
4.710000	1.048959
4.720000	1.036061
4.730000	1.022449
4.740000	1.008421
4.750000	0.994286
4.760000	0.980358
4.770000	0.966948
4.780000	0.954356
4.790000	0.942867
4.800000	0.932744
4.810000	0.924216
4.820000	0.917483
4.830000	0.912702
4.840000	0.909985
4.850000	0.909400
4.860000	0.910964
4.870000	0.914646
4.880000	0.920363
4.890000	0.927985
4.900000	0.937336
4.910000	0.948200
4.920000	0.960321
4.930000	0.973412
4.940000	0.987163
4.950000	1.001244
4.960000	1.015317
4.970000	1.029040
4.980000	1.042078
4.990000	1.054113
5.000000	1.064847
5.010000	1.074014
5.020000	1.081383
5.030000	1.086768
5.040000	1.090032
5.050000	1.091087
5.060000	1.089904
5.070000	1.086507
5.080000	1.080978
5.090000	1.073452
5.100000	1.064118
5.110000	1.053211
5.120000	1.041008
5.130000	1.027820
5.140000	1.013987
5.150000	0.999868
5.160000	0.985829
5.170000	0.972239
5.180000	0.959455
5.190000	0.947817
5.200000	0.937635
5.210000	0.929183
5.220000	0.922688
5.230000	0.918329
5.240000	0.916227
5.250000	0.916442
5.260000	0.918974
5.270000	0.923757
5.280000	0.930665
5.290000	0.939511
5.300000	0.950057
5.310000	0.962013
5.320000	0.975050
5.330000	0.988807
5.340000	1.002901
5.350000	1.016937
5.360000	1.030519
5.370000	1.043263
5.380000	1.054805
5.390000	1.064815
5.400000	1.073002
5.410000	1.079129
5.420000	1.083016
5.430000	1.084546
5.440000	1.083670
5.450000	1.080408
5.460000	1.074853
5.470000	1.067162
5.480000	1.057558
5.490000	1.046320
5.500000	1.033779
5.510000	1.020306
5.520000	1.006300
5.530000	0.992182
5.540000	0.978373
5.550000	0.965293
5.560000	0.953339
5.570000	0.942875
5.580000	0.934223
5.590000	0.927652
5.600000	0.923367
5.610000	0.921504
5.620000	0.922124
5.630000	0.925213
5.640000	0.930679
5.650000	0.938354
5.660000	0.948001
5.670000	0.959319
5.680000	0.971954
5.690000	0.985506
5.700000	0.999546
5.710000	1.013625
5.720000	1.027292
5.730000	1.040107
5.740000	1.051653
5.750000	1.061555
5.760000	1.069487
5.770000	1.075188
5.780000	1.078466
5.790000	1.079209
5.800000	1.077389
5.810000	1.073062
5.820000	1.066365
5.830000	1.057519
5.840000	1.046815
5.850000	1.034609
5.860000	1.021309
5.870000	1.007362
5.880000	0.993239
5.890000	0.979420
5.900000	0.966377
5.910000	0.954558
5.920000	0.944369
5.930000	0.936165
5.940000	0.930232
5.950000	0.926781
5.960000	0.925934
5.970000	0.927727
5.980000	0.932099
5.990000	0.938902
6.000000	0.947899
6.010000	0.958775
6.020000	0.971148
6.030000	0.984577
6.040000	0.998586
6.050000	1.012671
6.060000	1.026327
6.070000	1.039059
6.080000	1.050404
6.090000	1.059949
6.100000	1.067340
6.110000	1.072306
6.120000	1.074658
6.130000	1.074307
6.140000	1.071261
6.150000	1.065628
6.160000	1.057613
6.170000	1.047511
6.180000	1.035698
6.190000	1.022613
6.200000	1.008747
6.210000	0.994623
6.220000	0.980776
6.230000	0.967732
6.240000	0.955991
6.250000	0.946003
6.260000	0.938155
6.270000	0.932753
6.280000	0.930008
6.290000	0.930031
6.300000	0.932826
6.310000	0.938287
6.320000	0.946205
6.330000	0.956272
6.340000	0.968096
6.350000	0.981212
6.360000	0.995101
6.370000	1.009212
6.380000	1.022984
6.390000	1.035864
6.400000	1.047333
6.410000	1.056929
6.420000	1.064259
6.430000	1.069025
6.440000	1.071027
6.450000	1.070180
6.460000	1.066515
6.470000	1.060176
6.480000	1.051421
6.490000	1.040607
6.500000	1.028179
6.510000	1.014649
6.520000	1.000580
6.530000	0.986559
6.540000	0.973172
6.550000	0.960984
6.560000	0.950509
6.570000	0.942194
6.580000	0.936394
6.590000	0.933359
6.600000	0.933224
6.610000	0.935997
6.620000	0.941564
6.630000	0.949689
6.640000	0.960025
6.650000	0.972127
6.660000	0.985472
6.670000	0.999479
6.680000	1.013538
6.690000	1.027032
6.700000	1.039366
6.710000	1.049995
6.720000	1.058445
6.730000	1.064339
6.740000	1.067410
6.750000	1.067517
6.760000	1.064650
6.770000	1.058935
6.780000	1.050623
6.790000	1.040087
6.800000	1.027801
6.810000	1.014319
6.820000	1.000255
6.830000	0.986250
6.840000	0.972945
6.850000	0.960954
6.860000	0.950831
6.870000	0.943046
6.880000	0.937963
6.890000	0.935823
6.900000	0.936729
6.910000	0.940643
6.920000	0.947386
6.930000	0.956644
6.940000	0.967984
6.950000	0.980872
6.960000	0.994699
6.970000	1.008807
6.980000	1.022525
6.990000	1.035194
7.000000	1.046206
7.010000	1.055026
7.020000	1.061228
7.030000	1.064506
7.040000	1.064698
7.050000	1.061789
7.060000	1.055917
7.070000	1.047365
7.080000	1.036550
7.090000	1.024000
7.100000	1.010333
7.110000	0.996224
7.120000	0.982372
7.130000	0.969467
7.140000	0.958156
7.150000	0.949005
7.160000	0.942478
7.170000	0.938906
7.180000	0.938474
7.190000	0.941208
7.200000	0.946973
7.210000	0.955479
7.220000	0.966296
7.230000	0.978874
7.240000	0.992568
7.250000	1.006675
7.260000	1.020468
7.270000	1.033231
7.280000	1.044302
7.290000	1.053101
7.300000	1.059166
7.310000	1.062176
7.320000	1.061969
7.330000	1.058551
7.340000	1.052098
7.350000	1.042947
7.360000	1.031581
7.370000	1.018600
7.380000	1.004695
7.390000	0.990607
7.400000	0.977092
7.410000	0.964878
7.420000	0.954623
7.430000	0.946886
7.440000	0.942088
7.450000	0.940494
7.460000	0.942194
7.470000	0.947101
7.480000	0.954949
7.490000	0.965312
7.500000	0.977620
7.510000	0.991197
7.520000	1.005294
7.530000	1.019127
7.540000	1.031926
7.550000	1.042976
7.560000	1.051655
7.570000	1.057474
7.580000	1.060102
7.590000	1.059386
7.600000	1.055361
7.610000	1.048253
7.620000	1.038461
7.630000	1.026539
7.640000	1.013166
7.650000	0.999106
7.660000	0.985166
7.670000	0.972149
7.680000	0.960807
7.690000	0.951799
7.700000	0.945651
7.710000	0.942723
7.720000	0.943191
7.730000	0.947032
7.740000	0.954024
7.750000	0.963760
7.760000	0.975669
7.770000	0.989051
7.780000	1.003113
7.790000	1.017022
7.800000	1.029949
7.810000	1.041120
7.820000	1.049864
7.830000	1.055654
7.840000	1.058138
7.850000	1.057161
7.860000	1.052778
7.870000	1.045250
7.880000	1.035032
7.890000	1.022742
7.900000	1.009127
7.910000	0.995022
7.920000	0.981289
7.930000	0.968776
7.940000	0.958256
7.950000	0.950381
7.960000	0.945643
7.970000	0.944341
7.980000	0.946560
7.990000	0.952164
8.000000	0.960808
8.010000	0.971951
8.020000	0.984896
8.030000	0.998828
8.040000	1.012865
8.050000	1.026118
8.060000	1.037744
8.070000	1.046999
8.080000	1.053289
8.090000	1.056207
8.100000	1.055562
8.110000	1.051391
8.120000	1.043959
8.130000	1.033743
8.140000	1.021400
8.150000	1.007732
8.160000	0.993627
8.170000	0.980006
8.180000	0.967760
8.190000	0.957696
8.200000	0.950477
8.210000	0.946584
8.220000	0.946277
8.230000	0.949581
8.240000	0.956281
8.250000	0.965934
8.260000	0.977898
8.270000	0.991377
8.280000	1.005468
8.290000	1.019223
8.300000	1.031714
8.310000	1.042098
8.320000	1.049667
8.330000	1.053904
8.340000	1.054517
8.350000	1.051460
8.360000	1.044937
8.370000	1.035392
8.380000	1.023477
8.390000	1.010009
8.400000	0.995916
8.410000	0.982172
8.420000	0.969731
8.430000	0.959460
8.440000	0.952076
8.450000	0.948099
8.460000	0.947810
8.470000	0.951234
8.480000	0.958134
8.490000	0.968028
8.500000	0.980220
8.510000	0.993848
8.520000	1.007946
8.530000	1.021511
8.540000	1.033575
8.550000	1.043273
8.560000	1.049907
8.570000	1.052998
8.580000	1.052318
8.590000	1.047913
8.600000	1.040096
8.610000	1.029430
8.620000	1.016688
8.630000	1.002795
8.640000	0.988764
8.650000	0.975622
8.660000	0.964333
8.670000	0.955729
8.680000	0.950448
8.690000	0.948882
8.700000	0.951152
8.710000	0.957094
8.720000	0.966269
8.730000	0.977998
8.740000	0.991406
8.750000	1.005491
8.760000	1.019198
8.770000	1.031494
8.780000	1.041451
8.790000	1.048314
8.800000	1.051560
8.810000	1.050938
8.820000	1.046491
8.830000	1.038554
8.840000	1.027730
8.850000	1.014844
8.860000	1.000883
8.870000	0.986920
8.880000	0.974032
8.890000	0.963214
8.900000	0.955308
8.910000	0.950931
8.920000	0.950425
8.930000	0.953835
8.940000	0.960899
8.950000	0.971067
8.960000	0.983544
8.970000	0.997351
8.980000	1.011401
8.990000	1.024583
9.000000	1.035853
9.010000	1.044315
9.020000	1.049291
9.030000	1.050381
9.040000	1.047495
9.050000	1.040858
9.060000	1.031000
9.070000	1.018710
9.080000	1.004974
9.090000	0.990903
9.100000	0.977633
9.110000	0.966242
9.120000	0.957659
9.130000	0.952585
9.140000	0.951439
9.150000	0.954318
9.160000	0.960991
9.170000	0.970912
9.180000	0.983267
9.190000	0.997040
9.200000	1.011092
9.210000	1.024259
9.220000	1.035444
9.230000	1.043716
9.240000	1.048379
9.250000	1.049041
9.260000	1.045642
9.270000	1.038462
9.280000	1.028103
9.290000	1.015434
9.300000	1.001524
9.310000	0.987550
9.320000	0.974698
9.330000	0.964062
9.340000	0.956552
9.350000	0.952811
9.360000	0.953165
9.370000	0.957586
9.380000	0.965699
9.390000	0.976808
9.400000	0.989958
9.410000	1.004011
9.420000	1.017751
9.430000	1.029984
9.440000	1.039641
9.450000	1.045878
9.460000	1.048146
9.470000	1.046243
9.480000	1.040330
9.490000	1.030924
9.500000	1.018850
9.510000	1.005174
9.520000	0.991104
9.530000	0.977888
9.540000	0.966702
9.550000	0.958545
9.560000	0.954148
9.570000	0.953909
9.580000	0.957852
9.590000	0.965627
9.600000	0.976539
9.610000	0.989605
9.620000	1.003647
9.630000	1.017394
9.640000	1.029596
9.650000	1.039142
9.660000	1.045159
9.670000	1.047095
9.680000	1.044767
9.690000	1.038385
9.700000	1.028531
9.710000	1.016110
9.720000	1.002264
9.730000	0.988274
9.740000	0.975434
9.750000	0.964939
9.760000	0.957766
9.770000	0.954589
9.780000	0.955706
9.790000	0.961019
9.800000	0.970033
9.810000	0.981903
9.820000	0.995515
9.830000	1.009586
9.840000	1.022785
9.850000	1.033861
9.860000	1.041760
9.870000	1.045727
9.880000	1.045381
9.890000	1.040749
9.900000	1.032272
9.910000	1.020758
9.920000	1.007310
9.930000	0.993223
9.940000	0.979853
9.950000	0.968494
9.960000	0.960249
9.970000	0.955920
9.980000	0.955932
9.990000	0.960288
