1.705899
1.731024
1.713462
1.693776
1.725147
1.708070
1.728698
1.694262
1.725431
1.740002
1.699770
1.690436
1.721868
1.728759
1.718306
1.722884
1.692770
1.739766
1.727111
1.709358
1.711262
1.691945
1.736665
1.705945
1.708739
1.730930
1.728049
1.693425
1.725644
1.724476
1.723606
1.703900
1.745841
1.694752
1.723325
1.712821
1.708218
1.715238
1.694715
1.717586
1.723105
1.699035
1.714179
1.717280
1.747009
1.712523
1.733826
1.722597
1.725324
1.716022
1.700570
1.711305
1.737659
1.727586
1.707040
1.704576
1.701794
1.742119
1.686201
1.721545
1.740267
1.710924
1.723142
1.709208
1.688971
1.725465
1.729656
1.712964
1.705398
1.729001
1.708997
1.733391
1.710674
1.739105
1.733487
1.717278
1.742045
1.710738
1.704765
1.710907
1.720870
1.719715
1.709261
1.729425
1.718662
1.718312
1.730309
1.714828
1.704617
1.751985
1.729072
1.700460
1.713363
1.735825
1.732867
1.730191
1.696702
1.713391
1.707850
1.713690
1.739654
1.744189
1.713906
1.710216
1.712925
1.731549
1.727241
1.695040
1.720027
1.697057
1.708332
1.736959
1.719987
1.725239
1.707311
1.720989
1.697561
1.697699
1.724107
1.716711
1.706933
1.730626
1.694061
1.724652
1.733000
1.683542
1.706908
1.714353
1.758954
1.714990
1.700921
1.738114
1.724857
1.740507
1.726754
1.724772
1.698683
1.719673
1.740202
1.711216
1.697550
1.727161
1.693304
1.729013
1.716512
1.721190
1.700383
1.716733
1.707882
1.748055
1.712091
1.713414
1.731241
1.716978
1.704321
1.711140
1.717194
1.711177
1.713127
1.697814
1.748732
1.725746
1.715480
1.701475
1.714694
1.686982
1.745503
1.709296
1.693773
1.722341
1.724791
1.696681
1.710155
1.716485
1.729446
1.713331
1.729890
1.723301
1.718145
1.707544
1.710289
1.728688
1.706323
1.700401
1.731846
1.727856
1.731958
1.728760
1.716095
1.717973
1.725316
1.718586
1.711856
1.714060
1.735363
1.720730
1.701493
1.711941
1.722089
1.699887
1.733891
1.699048
1.681269
1.714928
1.736273
1.707715
1.725413
1.719748
1.707319
1.726350
1.719199
1.711484
1.710395
1.694867
1.693486
1.730346
1.726289
1.721200
1.736527
1.711168
1.714483
1.734646
1.705509
1.707352
1.725489
1.737581
1.710130
1.699212
1.731516
1.723925
1.717076
1.720767
1.725465
1.720723
1.686709
1.700573
1.728074
1.719555
1.685674
1.710989
1.710645
1.715171
1.736056
1.727708
1.725305
1.711075
1.716669
1.704856
1.706106
1.693931
1.688351
1.695953
1.698736
1.718250
1.706524
1.736351
1.721568
1.728980
1.729402
1.697313
1.740923
1.706462
1.728399
1.718926
1.701490
1.721827
1.719272
1.708507
1.712913
1.713463
1.721506
1.715275
1.733654
1.710978
1.682351
1.727579
1.694789
1.734491
1.726394
1.712307
1.723404
1.727592
1.727620
1.779871
1.719233
1.722289
1.736312
1.705109
1.710983
1.713629
1.742553
1.717486
1.715092
1.716189
1.720537
1.734493
1.714003
1.695349
1.728172
1.691308
1.726440
1.691577
1.731209
1.722734
1.701002
1.728636
1.729106
1.745295
1.720424
1.704454
1.703791
1.733331
1.705209
1.718731
1.693171
1.706632
1.727088
1.728380
1.737115
1.711783
1.715251
1.718522
1.697900
1.714450
1.708697
1.731309
1.719104
1.721452
1.709607
1.691478
1.750872
1.725214
1.703506
1.721072
1.733120
1.729740
1.696885
1.729602
1.723243
1.715782
1.721296
1.707822
1.717673
1.710229
1.706793
1.717985
1.696339
1.697302
1.717766
1.699299
1.737762
1.724829
1.735235
1.730428
1.698472
1.719234
1.697201
1.705118
1.709265
1.717034
1.732024
1.729007
1.766981
1.712049
1.745025
1.702443
1.764848
1.732116
1.724970
1.734969
1.712308
1.727245
1.723430
1.733903
1.720010
1.703511
1.718336
1.745827
1.724470
1.718942
1.719107
1.717750
1.735476
1.710013
1.719927
1.714094
1.702116
1.730103
1.726985
1.714433
1.714182
1.732071
1.721895
1.696157
1.717537
1.704445
1.705237
1.718032
1.734564
1.750136
1.684543
1.707923
1.693103
1.712003
1.681162
1.721134
1.735162
1.724012
1.721458
1.719903
1.717908
1.745914
1.722276
1.699876
1.722395
1.724375
1.717687
1.717510
1.732390
1.700737
1.732369
1.723411
1.714990
1.736634
1.724810
1.714240
1.712020
1.711743
1.697517
1.720851
1.747927
1.712817
1.726728
1.709026
1.744095
1.706284
1.710003
1.738798
1.726069
1.720845
1.705901
1.740345
1.725875
1.720773
1.720123
1.733883
1.712844
1.702457
1.713979
1.728706
1.707450
1.703134
1.750372
1.700529
1.699562
1.722372
1.721784
1.696018
1.724739
1.715759
1.710101
1.746245
1.727236
1.709129
1.744207
1.711037
1.713077
1.708240
1.729967
1.707794
1.715105
1.721774
1.717106
1.736468
1.748967
1.701696
1.697507
1.706217
1.721083
1.715184
1.728531
1.723505
1.692956
1.711043
1.725566
1.729453
1.697938
1.735320
1.725209
1.727514
1.706582
1.685247
1.741655
1.685855
1.718956
1.698850
1.751012
1.708499
1.722053
1.741910
1.713650
1.707433
1.727624
1.703531
1.712587
1.712985
1.725313
1.709489
1.721850
1.718653
1.700394
1.737876
1.708151
1.712784
1.760912
1.702097
1.691185
1.732582
1.749451
1.728198
1.713565
1.681172
1.726988
1.743520
1.707523
1.718025
1.747814
1.699683
1.735118
1.730136
1.709306
1.710410
1.721924
1.706438
1.717907
1.726348
1.699195
1.717364
1.741326
1.735021
1.721780
1.712707
1.687994
1.699208
1.701046
1.711764
1.714964
1.721147
1.725438
1.721428
1.739483
1.717721
1.689091
1.732382
1.720861
1.700536
1.697737
1.688931
1.707994
1.714670
1.704360
1.733269
1.727151
1.719206
1.725565
1.711134
1.728673
1.709867
1.726789
1.714089
1.708897
1.712140
1.710944
1.710732
1.702914
1.704489
1.715537
1.726302
1.733275
1.724235
1.709143
1.712731
1.727109
1.710728
1.726562
1.717793
1.733487
1.709855
1.724999
1.691551
1.709377
1.733238
1.724362
1.724003
1.715775
1.721907
1.744761
1.719103
1.695576
1.712243
1.715679
1.720468
1.724620
1.710756
1.727600
1.720037
1.730600
1.746693
1.718968
1.709007
1.737033
1.727767
1.719304
1.710317
1.698969
1.749694
1.724352
1.698439
1.699424
1.712764
1.726347
1.744860
1.712184
1.712923
1.706747
1.705509
1.727097
1.739838
1.718348
1.718496
1.696451
1.706019
1.692798
1.713530
1.710292
1.733086
1.723487
1.749032
1.704618
1.720723
1.730953
1.693739
1.709792
1.702599
1.739345
1.705599
1.742699
1.717426
1.741128
1.731618
1.715079
1.690892
1.735253
1.748057
1.711022
1.707776
1.694895
1.712424
1.699533
1.708888
1.709785
1.734411
1.732956
1.729353
1.712832
1.748073
1.721995
1.706199
1.736588
1.708839
1.710902
1.743138
1.734083
1.718676
1.717938
1.736758
1.720670
1.684154
1.732533
1.734490
1.712138
1.731840
1.683761
1.711556
1.710676
1.710124
1.717259
1.712478
1.733803
1.696439
1.732315
1.729466
1.722349
1.705708
1.689153
1.727409
1.728824
1.736239
1.736325
1.706383
1.692618
1.704838
1.715001
1.733056
1.737631
1.721351
1.710809
1.726141
1.721743
1.719130
1.732208
1.702548
1.695564
1.693132
1.733296
1.716283
1.738723
1.700270
1.713826
1.708282
1.748293
1.734030
1.698173
1.703788
1.740729
1.686405
1.717408
1.723832
1.718844
1.736736
1.729078
1.745969
1.753940
1.711632
1.714912
1.703192
1.721981
1.684198
1.701652
1.731097
1.730419
1.696233
1.715277
1.740530
1.751325
1.719554
1.715213
1.736100
1.694898
1.714048
1.728002
1.738395
1.696890
1.730166
1.745729
1.712646
1.742217
1.707852
1.722712
1.709413
1.720026
1.706697
1.701764
1.742055
1.748820
1.713023
1.709225
1.691705
1.714182
1.717147
1.703187
1.733173
1.719985
1.732166
1.694781
1.755881
1.721714
1.701460
1.710613
1.693030
1.722404
1.734650
1.705927
1.674039
1.719032
1.734639
1.723173
1.742348
1.745686
1.711963
1.726251
1.738135
1.714273
1.710052
1.731075
1.721259
1.721342
1.688489
1.700563
1.716719
1.732047
1.702516
1.706735
1.742393
1.727807
1.723226
1.698754
1.724440
1.708264
1.717705
1.707159
1.693765
1.706832
1.693705
1.713701
1.728604
1.720043
1.722043
1.730346
1.735052
1.716724
1.729239
1.713403
1.715676
1.705626
1.731343
1.718817
1.710839
1.729401
1.699302
1.732266
1.721856
1.710636
1.725571
1.731262
1.722843
1.702395
1.716459
1.718577
1.742348
1.719820
1.722536
1.734591
1.718319
1.711147
1.732022
1.707894
1.707281
1.738219
1.709011
1.720003
1.711014
1.708641
1.737524
1.705299
1.725055
1.701409
1.731440
1.696782
1.706099
1.718154
1.707501
1.700273
1.727682
1.715480
1.733569
1.715713
1.728094
1.705399
1.693858
1.718162
1.717377
1.736756
1.691368
1.714284
1.729691
1.701967
1.682958
1.762199
1.746067
1.705716
1.715881
1.719255
1.730388
1.711413
1.699250
1.691621
1.704491
1.731137
1.708225
1.717880
1.696497
1.697779
1.726962
1.722612
1.711871
1.716367
1.705894
1.720468
1.720409
1.726791
1.719252
1.724947
1.703393
1.732552
1.741574
1.721605
1.715856
1.697027
1.698137
1.719101
1.725023
1.742513
1.697898
1.700319
1.743344
1.700642
1.707610
1.685761
1.721411
1.720322
1.715001
1.710002
1.726703
1.706804
1.714986
1.707944
1.710451
1.729575
1.716285
1.735782
1.717380
1.706992
1.741345
1.766519
1.723431
1.703173
1.708853
1.717988
1.720709
1.720159
1.716437
1.735255
1.726604
1.707777
1.726869
1.716107
1.694286
1.709074
1.714863
1.704426
1.739810
1.723412
1.704236
1.755854
1.733320
1.698219
1.697001
1.686386
1.723281
1.729839
1.732883
1.702177
1.697684
1.716513
1.750168
1.707411
1.737642
1.697748
1.717023
1.733030
1.743244
1.712861
1.705993
1.714039
1.730227
1.707052
1.697768
1.714050
1.702678
1.737675
1.721941
1.717203
1.728823
1.714692
1.728200
1.732487
1.718695
1.708686
1.713231
1.697857
1.730422
1.729036
1.707860
1.732240
1.712050
1.741875
1.742771
1.683918
1.712811
1.695866
1.704123
1.712983
1.735680
1.724373
1.728494
1.724300
1.715687
1.713820
1.683791
1.718498
1.739355
1.743042
1.707907
1.695239
1.716750
1.705193
1.716265
1.701039
1.696888
1.694635
1.711591
1.716647
1.719184
1.738382
1.716465
1.724558
1.696809
1.721563
1.726435
1.729318
1.741066
1.714031
1.724747
1.729315
1.704304
1.692542
1.730961
1.711292
1.726192
1.707040
1.719358
1.734781
1.718560
1.696656
1.728070
1.736109
1.718304
1.736784
1.692052
1.742724
1.732823
1.722124
1.702351
1.713152
1.737863
1.715827
1.722713
1.713363
1.733317
1.719697
1.715563
1.714856
1.721732
1.718738
1.740035
1.709528
1.722724
1.715485
1.738107
1.710776
1.692371
1.725275
1.711017
1.721158
1.727550
1.720095
1.707948
1.736959
1.721553
1.716208
1.712472
1.715341
1.715668
1.744923
1.728033
1.718159
1.709074
1.710738
1.729357
1.735265
1.705823
1.747237
1.753775
1.704728
1.698270
1.706039
1.707856
1.689335
1.720737
1.711000
1.690429
1.703414
1.773102
1.717879
1.749966
1.745930
1.690792
1.688142
1.735833
1.720340
1.728413
1.700591
1.723309
1.726820
1.713200
1.709038
1.702424
1.729235
1.725964
1.757340
1.715992
1.740427
1.715208
1.710246
1.716667
1.676460
1.746830
1.716703
1.723508
1.718861
1.723347
1.735993
1.723216
1.733114
1.713619
1.711888
1.706908
1.722954
1.739048
1.726131
1.732130
1.687143
1.711278
1.700565
1.750971
1.717903
1.733776
1.742203
1.742222
1.738480
1.740052
1.704638
1.694959
1.680280
1.722826
1.738969
1.722436
1.729013
1.715561
1.730111
1.733302
1.718918
1.733657
1.711151
1.683141
1.710485
1.692704
1.735072
1.713909
1.702405
1.702253
1.718270
1.708871
1.702771
1.715506
1.723996
1.722253
1.705745
1.712907
1.732130
1.734888
1.711608
1.726821
1.726001
1.713648
1.715077
1.707663
1.714506
1.702884
1.731468
1.727415
1.712646
1.730496
1.733985
1.720790
1.721262
1.722428
1.692209
1.730673
1.695230
1.686220
1.722034
1.726577
1.699041
1.712504
1.722732
1.724546
1.715284
1.712357
1.722926
1.700252
1.722750
1.719133
1.737295
1.714999
1.706296
1.724101
1.734085
1.717124
1.725373
1.718159
1.714657
1.731470
1.738438
1.714232
1.694346
1.681991
1.701303
1.736561
1.707805
1.754601
1.688602
1.701369
1.729083
1.703557
1.721152
1.735509
1.704650
1.726773
1.718720
1.702773
1.696546
1.723454
1.729411
1.710584
1.691320
1.692501
1.706375
1.714047
1.714870
1.711751
1.730361
1.712620
1.721199
1.695207
1.733952
1.706915
1.711562
1.731706
1.707315
1.715837
1.728939
1.702710
1.697332
1.712786
1.743150
1.729264
1.742892
1.719256
1.707345
1.700252
1.711119
1.730137
1.735185
1.751835
1.732505
1.703806
1.674989
1.747129
1.735269
1.692749
1.730627
1.727021
1.748510
1.722263
1.706590
1.706892
1.706061
1.722782
1.716578
1.683846
1.724781
1.722769
1.734670
1.711347
1.723020
1.708284
1.679005
1.704552
1.717536
1.714595
1.684782
1.720219
1.724191
1.717014
1.729831
1.736007
1.733807
1.726443
1.711400
1.737496
1.700798
1.695248
1.683407
1.734343
1.702103
1.691566
1.729998
1.718784
1.731278
1.690129
1.705402
1.722427
1.746006
1.718022
1.712922
1.733488
1.735715
1.731318
1.720132
1.709753
1.714941
1.727466
1.740654
1.706512
1.715376
1.713050
1.678643
1.710760
1.732744
1.720563
1.734128
1.714473
1.723960
1.675942
1.705657
1.698507
1.723133
1.717954
1.715169
1.721339
1.730569
1.698465
1.737501
1.714171
1.721122
1.695011
1.735211
1.716015
1.746539
1.718459
1.717265
1.701248
1.711371
1.732017
1.714782
1.698247
1.762495
1.712337
1.733066
1.707304
1.707805
1.727060
1.714836
1.739353
1.714154
1.736715
1.716058
1.692453
1.688222
1.713271
1.733629
1.726138
1.719676
1.692615
1.698621
1.721629
1.722009
1.697807
1.728881
1.714166
1.715232
1.713311
1.710349
1.727325
1.730610
1.708919
1.688469
1.709662
1.750273
1.737180
1.716107
1.701445
1.736943
1.717190
1.716572
1.729657
1.711994
1.699741
1.725402
1.699355
1.691790
1.733608
1.722087
1.735316
1.739356
1.711050
1.708072
1.732119
1.703837
1.734576
1.740682
1.705181
1.693935
1.711065
1.725207
1.709097
1.720339
1.723690
1.708242
1.692714
1.731757
1.708888
1.736073
1.738291
1.734277
1.710783
1.730837
1.731982
1.693175
1.699851
1.720444
1.696443
1.704324
1.705292
1.738900
1.725477
1.716666
1.725567
1.717018
1.730317
1.719607
1.704604
1.713254
1.732144
1.725993
1.719434
1.705499
1.708534
1.678537
1.695376
1.698314
1.753401
1.731181
1.685056
1.714907
1.742964
1.699754
1.752098
1.715395
1.725054
1.712423
1.707923
1.708943
1.720964
1.690988
1.724262
1.732180
1.727228
1.728610
1.716148
1.715761
1.729941
1.748702
1.744416
1.751104
1.712563
1.702605
1.737349
1.729315
1.720042
1.717186
1.723250
1.711372
1.700308
1.702418
1.721600
1.736036
1.704903
1.693449
1.721161
1.704090
1.699406
1.724197
1.712531
1.727505
1.730916
1.708328
1.736722
1.731455
1.708165
1.707229
1.699735
1.704580
1.713465
1.727447
1.738101
1.743570
1.698318
1.715509
1.718566
1.698675
1.718042
1.714142
1.710301
1.709280
1.728705
1.718496
1.738213
1.702325
1.700580
1.714584
1.724197
1.708455
1.703025
1.695153
1.740857
1.713662
1.692694
1.718707
1.700222
1.701654
1.731942
1.726896
1.709492
1.712368
1.739884
1.726375
1.737896
1.741686
1.717584
1.694827
1.734210
1.722052
1.698139
1.715892
1.724687
1.749573
1.715215
1.711422
1.718515
1.730704
1.713330
1.708181
1.722419
1.703092
1.726464
1.717787
1.710501
1.699597
1.708142
1.706187
1.683760
1.698379
1.690436
1.707629
1.741550
1.723126
1.722112
1.717278
1.705896
1.736583
1.716445
1.709347
1.708323
1.727966
1.687614
1.743640
1.719806
1.708915
1.710310
1.717104
1.723540
1.712192
1.717781
1.726224
1.704641
1.717363
1.725745
1.716423
1.761986
1.706247
1.739811
1.697575
1.725183
1.708224
1.719886
1.692798
1.712544
1.743467
1.683920
1.711670
1.735757
1.706991
1.710816
1.703586
1.729305
1.709644
1.709410
1.723922
1.716609
1.735791
1.737990
1.710905
1.706018
1.721233
1.743081
1.710012
1.763152
1.711034
1.693571
1.736827
1.750322
1.691201
1.683909
1.725896
1.680241
1.717387
1.718262
1.716858
1.732502
1.722992
1.692279
1.709324
1.720136
1.712444
1.708216
1.711725
1.703971
1.721426
1.720157
1.687294
1.713625
1.700267
1.696495
1.706837
1.722847
1.689285
1.710297
1.716280
1.713300
1.713940
1.703991
1.716975
1.702718
1.717657
1.714054
1.738079
1.721440
1.732212
1.734763
1.723835
1.706171
1.704768
1.709444
1.726369
1.707258
1.734482
1.721249
1.726156
1.709921
1.720308
1.696751
1.721694
1.717781
1.715182
1.708046
1.740425
1.705756
1.729133
1.706990
1.719299
1.717916
1.707975
1.728559
1.716462
1.732204
1.738529
1.704830
1.745456
1.700333
1.726850
1.726795
1.719233
1.720256
1.730048
1.719838
1.702486
1.752632
1.693347
1.721493
1.710846
1.699361
1.743245
1.727071
1.701989
1.717176
1.708673
1.715833
1.727587
1.709543
1.716428
1.689453
1.732106
1.748592
1.720505
1.707729
1.743976
1.705126
1.711225
1.715021
1.700346
1.742965
1.698763
1.753226
1.706303
1.722932
1.713502
1.709444
1.729863
1.722860
1.692086
1.723742
1.734527
1.719243
1.719517
1.725488
1.726470
1.732210
1.698161
1.726624
1.721400
1.731719
1.725522
1.717382
1.752759
1.717455
1.705785
1.708935
1.710371
1.736797
1.734432
1.725159
1.705694
1.722580
1.707213
1.721034
1.714739
1.685524
1.685848
1.716851
1.736443
1.720902
1.716639
1.714124
1.731937
1.722884
1.706960
1.698576
1.720485
1.707070
1.694480
1.701140
1.708949
1.737000
1.716470
1.714414
1.717427
1.752440
1.699605
1.706880
1.727288
1.748761
1.770668
1.722574
1.692581
1.700728
1.728533
1.718128
1.717107
1.717378
1.706567
1.731088
1.710955
1.732092
1.713343
1.709993
1.716156
1.753534
1.701383
1.714284
1.722432
1.726929
1.728459
1.697597
1.710195
1.713688
1.729687
1.714810
1.702278
1.737126
1.705730
1.715750
1.740901
1.710544
1.717928
1.721271
1.703816
1.731724
1.685421
1.731496
1.714044
1.695264
1.725673
1.725573
1.704863
1.722718
1.731361
1.720559
1.715838
1.721769
1.720658
1.725361
1.732131
1.705414
1.725951
1.708092
1.719324
1.728888
1.728923
1.740327
1.703475
1.726140
1.717786
1.723285
1.729659
1.689633
1.724373
1.733287
1.701527
1.722596
1.701209
1.704152
1.719758
1.755628
1.703066
1.724334
1.710149
1.707501
1.696133
1.706972
1.707118
1.704420
1.712835
1.684719
1.705159
1.727307
1.725643
1.725177
1.692923
1.731818
1.697712
1.724160
1.704980
1.696743
1.739104
1.717163
1.730014
1.728419
1.722515
1.695338
1.701776
1.710215
1.733880
1.700843
1.713694
1.713877
1.699144
1.728699
1.717430
1.691406
1.684275
1.720971
1.709968
1.712644
1.745645
1.703591
1.716704
1.717942
1.728493
1.715909
1.715254
1.722323
1.702941
1.702849
1.701578
1.718643
1.712388
1.723256
1.696889
1.737117
1.706198
1.734696
1.720016
1.700821
1.705108
1.722271
1.724508
1.706411
1.713153
1.736303
1.706820
1.751548
1.711433
1.724300
1.719904
1.690674
1.712942
1.718745
1.740011
1.715446
1.716858
1.713612
1.706400
1.711239
1.733443
1.710613
1.753620
1.717833
1.739519
1.696883
1.721282
1.712576
1.711005
1.710669
1.704690
1.699128
1.686696
1.700082
1.723571
1.691745
1.751162
1.703825
1.760325
1.717610
1.714151
1.689455
1.724231
1.712727
1.731880
1.700192
1.716082
1.712739
1.699689
1.743076
1.743922
1.718132
1.731211
1.704784
1.713967
1.722603
1.676600
1.716519
1.705768
1.756018
1.746003
1.747844
1.719089
1.723705
1.711157
1.684119
1.718227
1.713731
1.679031
1.704957
1.715951
1.706870
1.729622
1.726694
1.728611
1.733974
1.739914
1.720784
1.722792
1.710698
1.735525
1.728279
1.712544
1.730174
1.721527
1.685350
1.700638
1.748399
1.734770
1.741576
1.704277
1.728155
1.734059
1.745383
1.719454
1.692405
1.714858
1.714808
1.712566
1.702657
1.725417
1.711389
1.701444
1.708920
1.709875
1.721680
1.714489
1.706409
1.721083
1.702310
1.713659
1.756380
1.722755
1.687354
1.710896
1.744619
1.737222
1.703847
1.723582
1.736724
1.711087
1.694603
1.720658
1.750063
1.716471
1.703932
1.713348
1.740111
1.713767
1.731382
1.730000
1.709737
1.737746
1.720921
1.727886
1.710728
1.711799
1.742685
1.733656
1.740480
1.693580
1.714042
1.718846
1.705180
1.725014
1.733440
1.725529
1.705325
1.732250
1.723236
1.717708
1.711784
1.727914
1.709421
1.707903
1.699456
1.713427
1.725395
1.734407
1.716786
1.721255
1.708357
1.720789
1.714962
1.709076
1.709302
1.696081
1.717012
1.700964
1.705459
1.738340
1.717217
1.712702
1.699264
1.708597
1.719473
1.711559
1.713676
1.730419
1.719087
1.744359
1.725878
1.716063
1.715227
1.727314
1.717002
1.712821
1.730939
1.723971
1.762840
1.694354
1.707787
1.677292
1.725310
1.690201
1.718321
1.737370
1.714024
1.696091
1.702982
1.712973
1.724973
1.713406
1.708641
1.720820
1.723268
1.727680
1.717322
1.720952
1.715261
1.704307
1.738082
1.719851
1.727046
1.728921
1.744732
1.711558
1.741690
1.726920
1.710401
1.738853
1.707706
1.712357
1.706823
1.708327
1.725659
1.721628
1.732984
1.696119
1.721423
1.718219
1.710216
1.709202
1.692705
1.729224
1.747705
1.702623
1.724471
1.704546
1.728038
1.751560
1.729057
1.715494
1.739237
1.709528
1.744555
1.728737
1.717020
1.725978
1.717343
1.728806
1.731248
1.733414
1.737683
1.717325
1.713793
1.703696
1.708130
1.726345
1.714587
1.691710
1.709015
1.724280
1.693248
1.731711
1.717279
1.720593
1.713229
1.739365
1.688881
1.729354
1.710242
1.713716
1.721091
1.717950
1.723274
1.740138
1.693228
1.724373
1.723210
1.698784
1.716676
1.731559
1.726439
1.730002
1.715421
1.721634
1.732469
1.716444
1.726017
1.733986
1.724778
1.712781
1.724261
1.693771
1.721910
1.717161
1.704526
1.709661
1.742353
1.736071
1.691088
1.728859
1.711247
1.727362
1.709546
1.711711
1.744261
1.739500
1.699709
1.711027
1.735265
1.734568
1.726203
1.748248
1.750860
1.704179
1.715576
1.743313
1.691995
1.734492
1.719461
1.707710
1.738514
1.738315
1.707468
1.714097
1.730751
1.727415
1.743246
1.703464
1.737873
1.732584
1.726324
1.726092
1.705740
1.727643
1.720333
1.737868
1.710453
1.702311
1.705213
1.714374
1.724892
1.707498
1.700625
1.695871
1.716967
1.699333
1.704564
1.736733
1.734380
1.721081
1.709560
1.706330
1.705939
1.708855
1.730831
1.689601
1.756653
1.723979
1.746165
1.728142
1.708259
1.732713
1.720290
1.719573
1.675450
1.681152
1.718196
1.697823
1.722696
1.709743
1.699140
1.730840
1.744999
1.740142
1.690051
1.727630
1.705559
1.713496
1.712949
1.721362
1.717364
1.711477
1.684486
1.703527
1.716490
1.712713
1.728350
1.712207
1.716139
1.685959
1.727286
1.718757
1.716324
1.730688
1.696187
1.698956
1.697884
1.726826
1.706650
1.687918
1.723729
1.718016
1.698651
1.737844
1.692616
1.733584
1.707660
1.701849
1.715336
1.702813
1.725640
1.736587
1.737189
1.734014
1.729381
1.710029
1.743977
1.707512
1.725060
1.699350
1.732715
1.707818
1.709823
1.744518
1.721502
1.720612
1.745538
1.706080
1.710330
1.731668
1.701534
1.711939
1.718523
1.714620
1.735864
1.714930
1.726536
1.724430
1.709814
1.719809
1.704346
1.706465
1.727065
1.715403
1.696650
1.716507
1.674329
1.737216
1.683125
1.756484
1.716788
1.699607
1.728952
1.716821
1.696632
1.720200
1.709188
1.713800
1.741419
1.717934
1.706745
1.733693
1.705172
1.721614
1.738863
1.730382
1.721987
1.724445
1.698695
1.727031
1.711456
1.737253
1.716712
1.715882
1.730835
1.731673
1.745945
1.724950
1.756003
1.711875
1.733707
1.733521
1.703857
1.726299
1.729374
1.718987
1.699936
1.724711
1.723099
1.710405
1.713812
1.705263
1.696455
1.708839
1.729291
1.736252
1.710234
1.724750
1.728378
1.716750
1.716676
1.725778
1.723229
1.709492
1.728361
1.747674
1.707088
1.688534
1.707508
1.734386
1.717879
1.698063
1.715903
1.720063
1.714790
1.719412
1.711981
1.694279
1.700475
1.711699
1.699193
1.739025
1.718802
1.695101
1.721511
1.712366
1.709081
1.716022
1.738380
1.731446
1.691839
1.728714
1.697877
1.703090
1.723279
1.707130
1.733941
1.717184
1.707898
1.715101
1.727095
1.703144
1.726616
1.704082
1.710005
1.701759
1.719795
1.713796
1.710020
1.707893
1.702514
1.702401
1.723853
1.740868
1.716666
1.719889
1.725715
1.723683
1.739152
1.723403
1.715883
1.716643
1.696587
1.729924
1.720217
1.730497
1.695298
1.706842
1.712857
1.716083
1.713369
1.725861
1.701512
1.714801
1.720244
1.714511
1.701877
1.730987
1.737438
1.683162
1.710557
1.725982
1.728886
1.677700
1.717609
1.722663
1.728118
1.711182
1.747169
1.723578
1.710711
1.718141
1.694938
1.699959
1.718195
1.727618
1.712144
1.722046
1.724423
1.708805
1.748371
1.722789
1.729857
1.715657
1.708256
1.704317
1.706604
1.710082
1.719253
1.719766
1.706525
1.712547
1.718525
1.720893
1.721321
1.749156
1.707686
1.728429
1.746660
1.713276
1.693849
1.745354
1.724815
1.728588
1.705582
1.725408
1.715131
1.760691
1.700084
1.722187
1.714971
1.708048
1.706664
1.727837
1.730521
1.741327
1.709459
1.711378
1.701999
1.718564
1.725495
1.719475
1.707024
1.730783
1.700811
1.701240
1.755060
1.714919
1.692469
1.725439
1.716117
1.688810
1.694876
1.741198
1.705537
1.711873
1.713019
1.724820
1.713759
1.718384
1.695539
1.749524
1.733329
1.702730
1.747690
1.708987
1.706392
1.708706
1.732637
1.729773
1.715072
1.732899
1.710689
1.713289
1.706369
1.713617
1.721083
1.725779
1.690947
1.704190
1.720357
1.739857
1.715610
1.722544
1.748075
1.728324
1.681078
1.729144
1.705225
1.745683
1.718407
1.730782
1.707310
1.713531
1.689391
1.721559
1.702953
1.704755
1.734913
1.704315
1.732074
1.696642
1.737383
1.721819
1.723134
1.691058
1.686783
1.744241
1.746532
1.723677
1.717666
1.712128
1.722237
1.722632
1.714440
1.720924
1.742004
1.718604
1.745735
1.714386
1.721136
1.735882
1.726602
1.718990
1.716934
1.689906
1.720457
1.705172
1.695400
1.739490
1.695874
1.757473
1.732658
1.729497
1.718794
1.723322
1.766452
1.702356
1.729919
1.740891
1.730453
1.705699
1.694118
1.701376
1.698890
1.714885
1.735286
1.729032
1.721238
1.708026
1.701819
1.745914
1.703205
1.699003
1.730131
1.708427
1.698578
1.700799
1.724519
1.689879
1.728548
1.705580
1.725633
1.710748
1.722016
1.717132
1.726693
1.724378
1.714858
1.746578
1.705214
1.712636
1.737184
1.704183
1.720059
1.722430
1.688270
1.704674
1.736097
1.728619
1.690430
1.700627
1.715428
1.723273
1.705991
1.722159
1.739654
1.718876
1.712468
1.711422
1.695705
1.701299
1.718774
1.713703
1.691870
1.695857
1.725208
1.723266
1.694556
1.714072
1.722769
1.718384
1.733946
1.732321
1.717901
1.721375
1.724986
1.707539
1.715082
1.712695
1.721508
1.702715
1.709168
1.717268
1.729609
1.710298
1.711803
1.705778
1.697547
1.765805
1.730501
1.734675
1.716078
1.731750
1.711979
1.726340
1.686229
1.727357
1.725406
1.705279
1.724093
1.729369
1.714530
1.745128
1.710433
1.696974
1.738405
1.751959
1.721026
1.744449
1.728294
1.687750
1.696436
1.715356
1.726864
1.715735
1.729433
1.708647
1.710596
1.733714
1.724891
1.742217
1.726086
1.709009
1.701980
1.691846
1.706391
1.718245
1.711445
1.738883
1.722442
1.711231
1.688508
1.704847
1.717949
1.707715
1.703089
1.712638
1.731757
1.713302
1.724913
1.734900
1.725398
1.733140
1.696640
1.708366
1.734891
1.711198
1.717220
1.703292
1.708056
1.714400
1.703129
1.693039
1.736778
1.744609
1.714618
1.711027
1.738180
1.680409
1.759878
1.715709
1.728405
1.704670
1.714614
1.700592
1.760301
1.706319
1.723848
1.701920
1.750903
1.722322
1.728297
1.734109
1.738569
1.715275
1.733751
1.714306
1.704630
1.722972
1.682498
1.719093
1.707955
1.697817
1.733182
1.701670
1.746141
1.718561
1.706192
1.709168
1.722925
1.700963
1.747960
1.727742
1.725202
1.722400
1.725440
1.723575
1.717703
1.703175
1.719406
1.738882
1.717526
1.706257
1.741588
1.718602
1.728758
1.727902
1.705601
1.719981
1.707180
1.685455
1.736812
1.693809
1.705197
1.720337
1.712210
1.713625
1.742146
1.711683
1.726066
1.754209
1.727317
1.724485
1.724546
1.684922
1.712932
1.710024
1.717690
1.724245
1.692179
1.732426
1.725612
1.690854
1.705150
1.732483
1.717648
1.718118
1.698416
1.709720
1.711941
1.723167
1.679473
1.717552
1.733671
1.716199
1.709386
1.706895
1.714492
1.723204
1.707989
1.711606
1.740207
1.721863
1.702932
1.709542
1.733950
1.736126
1.709700
1.736285
1.699079
1.701628
1.727656
1.726480
1.704245
1.692523
1.719059
1.699511
1.713167
1.705293
1.709110
1.673550
1.684217
1.711234
1.735593
1.719474
1.732336
1.708393
1.733338
1.739396
1.741631
1.720822
1.702735
1.704794
1.702008
1.727568
1.707094
1.681288
1.702483
1.683048
1.724779
1.717416
1.690418
1.723465
1.717620
1.701290
1.707952
1.751330
1.695867
1.716237
1.711531
1.717343
1.719118
1.711520
1.667279
1.724772
1.694074
1.706447
1.706587
1.710687
1.696802
1.724840
1.718534
1.742885
1.716631
1.741094
1.726819
1.720404
1.732490
1.677130
1.728028
1.696843
1.717823
1.675968
1.718565
1.707561
1.737716
1.726341
1.693915
1.741385
1.733623
1.709854
1.745216
1.709263
1.710295
1.714078
1.728649
1.730377
1.723192
1.712348
1.734675
1.751402
1.718424
1.733037
1.730684
1.694356
1.710118
1.729479
1.711408
1.701658
1.705095
1.743992
1.729995
1.703406
1.698048
1.716107
1.729934
1.714837
1.723648
1.717424
1.699785
1.749607
1.700831
1.739691
1.735613
1.744059
1.729022
1.728004
1.709962
1.687823
1.744470
1.706932
1.755543
1.723637
1.730501
1.718281
1.725148
1.733879
1.703237
1.707984
1.713989
1.725715
1.714114
1.713836
1.715722
1.691359
1.717474
1.692651
1.695301
1.713726
1.702600
1.701413
1.728492
1.738436
1.726723
1.716442
1.727266
1.709354
1.693515
1.694567
1.705720
1.720748
1.720860
1.744105
1.706184
1.696312
1.714648
1.711212
1.754450
1.715590
1.720424
1.719578
1.706019
1.731045
1.735150
1.729497
1.701846
1.717163
1.733139
1.724866
1.708670
1.712810
1.714946
1.724302
1.675741
1.719848
1.706782
1.705297
1.705514
1.728155
1.699869
1.699088
1.723871
1.694618
1.725159
1.714380
1.746124
1.721587
1.719658
1.702116
1.709466
1.722338
1.704841
1.708029
1.732075
1.725043
1.706725
1.706562
1.748738
1.708465
1.723851
1.748591
1.717209
1.725244
1.708061
1.704154
1.747404
1.737005
1.732210
1.759654
1.688303
1.717206
1.719186
1.722696
1.717192
1.712813
1.740679
1.716281
1.747986
1.683835
1.690407
1.712096
1.726455
1.757120
1.720797
1.743540
1.744822
1.730953
1.740183
1.702194
1.707682
1.718339
1.739624
1.710373
1.723380
1.715834
1.727981
1.744674
1.696301
1.719601
1.724218
1.684168
1.747279
1.704252
1.716561
1.663207
1.723682
1.754169
1.724305
1.707027
1.726623
1.710839
1.731679
1.697775
1.721232
1.750407
1.735615
1.729797
1.734204
1.723100
1.693607
1.719780
1.703660
1.720268
1.726244
1.732730
1.687477
1.709203
1.725124
1.694485
1.710721
1.703357
1.726648
1.719603
1.706192
1.721696
1.719167
1.712474
1.766927
1.718646
1.712310
1.698781
1.703235
1.715381
1.735567
1.709560
1.700019
1.722260
1.697109
1.694706
1.734226
1.715796
1.693379
1.709524
1.693869
1.714990
1.713989
1.742891
1.719691
1.724392
1.739021
1.699391
1.724897
1.734436
1.710447
1.743154
1.733645
1.725528
1.717853
1.716992
1.692824
1.717786
1.712931
1.704646
1.690331
1.704223
1.738468
1.680116
1.742703
1.678879
1.713882
1.721777
1.736851
1.728924
1.745579
1.708982
1.728022
1.722173
1.715311
1.683303
1.732568
1.723116
1.730905
1.723908
1.715948
1.713466
1.739158
1.709429
1.713626
1.716992
1.695974
1.690897
1.710342
1.707935
1.737124
1.731620
1.705602
1.708142
1.710251
1.715032
1.724943
1.744981
1.732319
1.721271
1.696952
1.710093
1.730839
1.711977
1.729393
1.712246
1.697078
1.717946
1.708836
1.705084
1.691361
1.685663
1.706123
1.704476
1.723292
1.724175
1.748845
1.711885
1.740355
1.717348
1.691406
1.719019
1.726141
1.705578
1.704916
1.726835
1.729590
1.725059
1.728233
1.708053
1.725451
1.720837
1.721253
1.695838
1.725511
1.724749
1.712171
1.718371
1.731577
1.702564
1.723358
1.716580
1.715725
1.723337
1.730664
1.736900
1.689931
1.743553
1.739242
1.711659
1.739588
1.712739
1.712477
1.725894
1.726390
1.722086
1.700677
1.713118
1.694395
1.728032
1.713350
1.707972
1.726482
1.718385
1.723532
1.732216
1.715826
1.696169
1.703149
1.728805
1.739296
1.723426
1.737645
1.671456
1.721562
1.716574
1.719048
1.720458
1.721040
1.703277
1.702167
1.735842
1.738530
1.700674
1.731148
1.704497
1.720248
1.718147
1.716126
1.732237
1.736923
1.752410
1.715964
1.702159
1.705562
1.722776
1.735071
1.714284
1.730540
1.719919
1.701656
1.726552
1.767887
1.744290
1.734094
1.727678
1.713841
1.700464
1.717761
1.715050
1.702157
1.716015
1.683757
1.698894
1.693501
1.714177
1.731763
1.729674
1.712586
1.705695
1.705836
1.716049
1.710116
1.699898
1.699020
1.732449
1.709211
1.722842
1.698111
1.716518
1.714821
1.718320
1.708064
1.707891
1.702211
1.706770
1.746939
1.696090
1.707445
1.699416
1.736124
1.718856
1.723004
1.700206
1.714475
1.719170
1.708547
1.734677
1.675078
1.735036
1.716245
1.698754
1.703565
1.705558
1.698026
1.713554
1.733749
1.742450
1.685418
1.728439
1.715288
1.685549
1.704771
1.704653
1.699776
1.714653
1.706035
1.716084
1.725446
1.707288
1.711528
1.698306
1.716114
1.714150
1.733428
1.710092
1.686143
1.718415
1.727914
1.728660
1.733032
1.740666
1.710029
1.703059
1.716634
1.730099
1.725395
1.724831
1.705281
1.724254
1.721216
1.736988
1.699839
1.726193
1.699847
1.717449
1.747076
1.730163
1.724038
1.712654
1.739452
1.722202
1.741597
1.730870
1.731600
1.734362
1.713665
1.718524
1.718688
1.687765
1.742980
1.715783
1.731269
1.732369
1.712321
1.729957
1.714356
1.730172
1.762140
1.720188
1.699599
1.713968
1.726842
1.741157
1.725907
1.693587
1.717682
1.702062
1.746287
1.713808
1.719327
1.722044
1.710819
1.721324
1.713064
1.678736
1.701549
1.739667
1.700134
1.720901
1.734363
1.724585
1.719985
1.727520
1.698151
1.737266
1.743503
1.720924
1.718005
1.731575
1.724201
1.719259
1.680093
1.719932
1.749492
1.707895
1.725067
1.708860
1.688554
1.733078
1.740798
1.724331
1.707471
1.726737
1.700944
1.711704
1.725266
1.711386
1.707742
1.706838
1.741041
1.717876
1.703554
1.724795
1.712761
1.692591
1.744532
1.704253
1.684986
1.719842
1.725829
1.728752
1.722952
1.747205
1.706430
1.690561
1.721322
1.711097
1.709171
1.723761
1.747815
1.733977
1.697332
1.704817
1.714341
1.710514
1.707316
1.711511
1.723220
1.692060
1.716816
1.731249
1.740371
1.708869
1.719413
1.727378
1.751721
1.707976
1.729835
1.737759
1.720920
1.737051
1.738964
1.716862
1.723959
1.727551
1.720532
1.730209
1.727581
1.728237
1.768888
1.710761
1.715424
1.692327
1.712973
1.719732
1.709669
1.736985
1.704073
1.737831
1.723478
1.730502
1.698543
1.723608
1.706884
1.692349
1.684734
1.731963
1.698740
1.713032
1.718651
1.668758
1.728223
1.725020
1.705570
1.722266
1.732915
1.707855
1.696350
1.730769
1.721221
1.732406
1.722071
1.745572
1.725065
1.697250
1.745960
1.721934
1.731469
1.728136
1.713827
1.721185
1.722411
1.705382
1.735307
1.697529
1.726440
1.725385
1.708571
1.734046
1.709140
1.731449
1.723963
1.721795
1.732977
1.737037
1.703919
1.730434
1.719900
1.686254
1.717967
1.713673
1.714857
1.714361
1.729892
1.719669
1.749857
1.690581
1.723533
1.724652
1.722086
1.679777
1.706161
1.714786
1.708622
1.713295
1.702304
1.728645
1.720460
1.714271
1.721058
1.731519
1.706913
1.733316
1.745663
1.696954
1.706637
1.688517
1.709339
1.699781
1.708054
1.693506
1.706940
1.698011
1.710778
1.717376
1.707159
1.734511
1.725050
1.711123
1.710954
1.709965
1.701198
1.749208
1.729675
1.696134
1.720866
1.699453
1.721838
1.693757
1.711115
1.693644
1.723197
1.717810
1.713354
1.729094
1.741321
1.728092
1.720356
1.715491
1.719192
1.744443
1.744343
1.732904
1.708556
1.714547
1.723923
1.724270
1.724721
1.733731
1.723269
1.720528
1.716955
1.724114
1.743922
1.721159
1.731140
1.695217
1.737206
1.742326
1.710602
1.706408
1.716127
1.708898
1.721106
1.725527
1.704383
1.728604
1.754772
1.717003
1.719993
1.698477
1.712477
1.703344
1.700199
1.722900
1.711935
1.707295
1.719799
1.720061
1.751762
1.701608
1.718004
1.729062
1.730291
1.746173
1.709016
1.707621
1.714906
1.729805
1.714503
1.722377
1.720551
1.715336
1.719863
1.704475
1.723665
1.720788
1.734342
1.715866
1.710445
1.744675
1.746536
1.740047
1.693432
1.720881
1.707905
1.704789
1.704510
1.715844
1.738560
1.738517
1.717727
1.695577
1.737756
1.720691
1.716347
1.720106
1.717996
1.726088
1.702882
1.715343
1.716071
1.709441
1.750684
1.727332
1.730615
1.718839
1.723596
1.729697
1.688612
1.715105
1.718730
1.737397
1.714338
1.727152
1.708856
1.712694
1.692763
1.725476
1.697303
1.694721
1.718205
1.698177
1.729482
1.711542
1.702607
1.733443
1.713559
1.702516
1.710830
1.702509
1.736560
1.719361
1.690428
1.734496
1.717097
1.706036
1.724826
1.734610
1.714361
1.729652
1.710274
1.734572
1.713951
1.711918
1.723984
1.749394
1.738752
1.698772
1.719783
1.710486
1.737392
1.710616
1.691146
1.731135
1.700066
1.724105
1.716126
1.715571
1.702641
1.737355
1.715877
1.696358
1.734402
1.738061
1.692622
1.708003
1.728489
1.722582
1.706702
1.727031
1.733723
1.696307
1.704055
1.710570
1.690187
1.723623
1.727253
1.737000
1.746154
1.730197
1.719197
1.746520
1.728270
1.701002
1.712819
1.687184
1.719594
1.725105
1.712233
1.721123
1.718709
1.706653
1.707494
1.732820
1.733443
1.714973
1.717157
1.724213
1.723333
1.732251
1.705887
1.713166
1.739582
1.732390
1.737200
1.735967
1.694538
1.709853
1.700023
1.756468
1.734643
1.728547
1.689940
1.718056
1.709175
1.728512
1.699892
1.699796
1.708245
1.731938
1.704182
1.730081
1.735978
1.711592
1.698827
1.736798
1.709083
1.727127
1.707100
1.699498
1.721948
1.693017
1.728472
1.709667
1.702952
1.698736
1.716033
1.734549
1.711520
1.725597
1.703507
1.715207
1.693619
1.721024
1.696165
1.701956
1.695959
1.713997
1.709149
1.732740
1.723325
1.724943
1.718314
1.713161
1.701974
1.712707
1.715093
1.742709
1.698631
1.735247
1.719886
1.727755
1.728265
1.714318
1.714280
1.725325
1.710751
1.689345
1.726479
1.719045
1.750035
1.723566
1.734865
1.723270
1.736761
1.723405
1.715428
1.731382
1.715333
1.737062
1.726533
1.735053
1.715665
1.718850
1.694825
1.697868
1.743721
1.706211
1.720157
1.727979
1.702674
1.697416
1.732179
1.708614
1.722622
1.699113
1.719767
1.730010
1.691603
1.722357
1.729476
1.708389
1.714533
1.717456
1.719425
1.730723
1.739371
1.714357
1.725383
1.698687
1.725301
1.704181
1.713459
1.699259
1.736498
1.711344
1.737606
1.749297
1.719061
1.722875
1.706682
1.725565
1.738865
1.705047
1.718232
1.713867
1.716319
1.709278
1.738292
1.698184
1.734353
1.689798
1.734712
1.716149
1.717447
1.686195
1.739548
1.698797
1.683039
1.728342
1.739354
1.716675
1.721706
1.709074
1.720584
1.739066
1.736780
1.729571
1.720103
1.720085
1.704644
1.714460
1.716851
1.716925
1.703590
1.707253
1.713569
1.718735
1.714559
1.722326
1.708838
1.747698
1.717251
1.730855
1.745904
1.705347
1.704368
1.682359
1.724953
1.716850
1.727093
1.715416
1.730680
1.711147
1.755476
1.723659
1.751262
1.693688
1.704737
1.703622
1.715809
1.734828
1.708058
1.728511
1.731624
1.736606
1.708120
1.725775
1.727015
1.735954
1.705242
1.724614
1.722733
1.702400
1.704879
1.724290
1.713777
1.699289
1.767392
1.697470
1.731005
1.739396
1.711649
1.711782
1.723627
1.710034
1.709840
1.715729
1.720378
1.723099
1.723478
1.702862
1.724924
1.740318
1.712365
1.694467
1.719053
1.707951
1.731961
1.731764
1.752641
1.708429
1.727290
1.702478
1.728130
1.728317
1.705966
1.701546
1.729000
1.698052
1.747040
1.712991
1.709374
1.728660
1.743449
1.710808
1.695260
1.708250
1.730691
1.730049
1.730713
1.703518
1.721608
1.729425
1.731599
1.715202
1.732937
1.710342
1.704129
1.709797
1.719989
1.730091
1.708377
1.734704
1.722288
1.721208
1.726002
1.715136
1.708970
1.693546
1.713058
1.714201
1.696964
1.694694
1.696358
1.705210
1.709554
1.721665
1.713161
1.741600
1.726907
1.698625
1.704307
1.742924
1.709568
1.713280
1.706484
1.752686
1.718459
1.755915
1.729394
1.708803
1.724359
1.723498
1.746183
1.736851
1.724325
1.706118
1.731857
1.726053
1.704640
1.706289
1.699580
1.735712
1.722813
1.719453
1.700593
1.752819
1.716172
1.707671
1.695078
1.691621
1.723742
1.715737
1.724578
1.729716
1.739028
1.734853
1.681794
1.729274
1.712959
1.701248
1.725414
1.692856
1.716455
1.719573
1.721893
1.692567
1.733175
1.720783
1.717788
1.716750
1.707732
1.717763
1.719261
1.743976
1.712190
1.697160
1.702065
1.719979
1.740324
1.712183
1.734306
1.719386
1.728286
1.717154
1.746649
1.704852
1.728249
1.699834
1.718476
1.724923
1.703818
1.726572
1.727680
1.705347
1.756990
1.741311
1.722973
1.716693
1.750762
1.700100
1.736835
1.708884
1.709972
1.700526
1.706017
1.694709
1.705746
1.705983
1.711762
1.712613
1.691937
1.704508
1.716809
1.719382
1.715499
1.709436
1.709218
1.719905
1.713572
1.742921
1.711179
1.734752
1.711760
1.723447
1.707129
1.717844
1.744721
1.735959
1.763064
1.709174
1.738035
1.704539
1.715694
1.704540
1.725793
1.698194
1.721305
1.703628
1.741135
1.713695
1.732369
1.703806
1.722944
1.741895
1.737005
1.719459
1.730626
1.720172
1.711824
1.704447
1.722233
1.698537
1.720486
1.722140
1.723695
1.724401
1.712520
1.722099
1.733422
1.730302
1.728780
1.699331
1.697921
1.696494
1.738482
1.712932
1.730597
1.736236
1.716215
1.694775
1.710005
1.731838
1.706614
1.724627
1.721897
1.718360
1.724258
1.726291
1.684350
1.724441
1.728683
1.720277
1.733929
1.723139
1.705920
1.717683
1.735087
1.728740
1.731114
1.730683
1.723252
1.702596
1.743490
1.711328
1.743441
1.724463
1.716414
1.716389
1.704885
1.687790
1.720831
1.709190
1.725030
1.736389
1.729596
1.687921
1.739954
1.747466
1.727989
1.709660
1.701165
1.711624
1.711239
1.692852
1.732025
1.722447
1.723744
1.724009
1.734377
1.724135
1.712478
1.692507
1.713008
1.715406
1.692830
1.702186
1.728618
1.704558
1.737924
1.716619
1.705223
1.702279
1.739872
1.716889
1.707770
1.671659
1.728119
1.723541
1.711811
1.715551
1.708297
1.704578
1.712305
1.693117
1.706593
1.712730
1.726492
1.717164
1.709184
1.732027
1.679678
1.679951
1.719204
1.706778
1.741272
1.715701
1.703288
1.720357
1.710127
1.732533
1.721437
1.703523
1.716442
1.707042
1.719972
1.720006
1.719108
1.716715
1.715358
1.725822
1.722107
1.708581
1.730200
1.708216
1.706607
1.707842
1.737025
1.707502
1.723114
1.715024
1.703049
1.737168
1.711989
1.705975
1.724838
1.734925
1.686656
1.708897
1.724756
1.724194
1.751507
1.730421
1.742294
1.717433
1.713600
1.719518
1.730917
1.725402
1.716230
1.757104
1.713837
1.733174
1.699491
1.721392
1.728466
1.713697
1.699554
1.706149
1.706980
1.710353
1.741238
1.714191
1.721316
1.713334
1.723852
1.727090
1.728789
1.709276
1.717963
1.706427
1.728170
1.706533
1.710187
1.746008
1.722858
1.725578
1.724656
1.716331
1.726040
1.696018
1.715125
1.716277
1.706204
1.721591
1.715656
1.722771
1.747821
1.713498
1.713528
1.744137
1.690650
1.711766
1.683077
1.692178
1.689242
1.717218
1.709750
1.701247
1.709955
1.692862
1.716255
1.741277
1.717939
1.737225
1.709739
1.718794
1.701383
1.713282
1.730990
1.722885
1.730416
1.719598
1.730965
1.740243
1.731124
1.707899
1.717608
1.701728
1.731589
1.718765
1.704772
1.717534
1.712925
1.702126
1.696242
1.704297
1.728577
1.698384
1.706899
1.703811
1.702139
1.731057
1.738873
1.716409
1.723579
1.735787
1.714551
1.702593
1.702384
1.726217
1.704298
1.691263
1.709328
1.720766
1.725730
1.717019
1.696975
1.700170
1.718313
1.730045
1.720044
1.707206
1.711273
1.692799
1.700819
1.724071
1.737741
1.717003
1.712118
1.715553
1.687389
1.730009
1.740773
1.704269
1.707611
1.717331
1.711142
1.724845
1.743916
1.709009
1.722802
1.705855
1.738036
1.708940
1.713326
1.718672
1.720656
1.710537
1.747702
1.724813
1.730525
1.735399
1.717478
1.719229
1.727592
1.723235
1.737713
1.710124
1.709626
1.715832
1.705461
1.716781
1.710242
1.688209
1.718373
1.729615
1.706387
1.726985
1.699208
1.727849
1.722482
1.729345
1.698943
1.713823
1.710306
1.725854
1.701168
1.724170
1.732196
1.739917
1.696366
1.716820
1.736301
1.738556
1.714278
1.741518
1.712967
1.729151
1.693789
1.728103
1.735131
1.751647
1.737651
1.713490
1.723728
1.714463
1.707408
1.744936
1.727923
1.736125
1.723550
1.721820
1.709254
1.717523
1.697342
1.697895
1.717296
1.735464
1.721195
1.707303
1.736928
1.717113
1.731678
1.735653
1.705411
1.730502
1.732952
1.698854
1.742709
1.729794
1.725171
1.739407
1.718129
1.712496
1.691029
1.737320
1.714817
1.731908
1.717602
1.739058
1.719276
1.757995
1.734753
1.738663
1.734111
1.721047
1.710473
1.726787
1.721327
1.708782
1.710117
1.726009
1.745045
1.717860
1.706718
1.735750
1.703004
1.704692
1.685793
1.705830
1.712698
1.734906
1.699989
1.714485
1.720824
1.716133
1.704946
1.711661
1.703319
1.721395
1.715765
1.726617
1.738796
1.702802
1.738294
1.720668
1.728783
1.696527
1.729470
1.718109
1.717167
1.705497
1.731294
1.724722
1.729176
1.718011
1.700824
1.724373
1.698465
1.733005
1.728366
1.715094
1.742635
1.713350
1.728751
1.708405
1.746616
1.711544
1.748506
1.713359
1.722450
1.737093
1.750402
1.717123
1.694563
1.701657
1.715026
1.710652
1.734259
1.701315
1.744327
1.732736
1.707841
1.717772
1.716360
1.740737
1.724648
1.694921
1.720801
1.721529
1.720267
1.678058
1.713391
1.713285
1.716806
1.697599
1.706243
1.697919
1.713692
1.739194
1.715536
1.727996
1.716703
1.697724
1.710389
1.710231
1.739091
1.705473
1.704826
1.716013
1.728017
1.745560
1.738975
1.711438
1.699048
1.714401
1.733208
1.697361
1.715363
1.712785
1.713841
1.730983
1.706476
1.712864
1.715754
1.707198
1.708315
1.722899
1.740656
1.671668
1.712289
1.691919
1.706485
1.734508
1.699709
1.726526
1.721817
1.726317
1.710246
1.711146
1.745193
1.716595
1.704653
1.727567
1.728671
1.744694
1.740756
1.717244
1.732458
1.719017
1.752303
1.748879
1.732734
1.734695
1.720676
1.727194
1.722372
1.704811
1.712346
1.734544
1.738624
1.695056
1.703566
1.702251
1.726429
1.701194
1.722535
1.711292
1.697494
1.712466
1.702294
1.706260
1.716761
1.724529
1.719737
1.731670
1.729223
1.728437
1.700188
1.745489
1.740202
1.694658
1.722986
1.708206
1.700274
1.725782
1.710620
1.709098
1.713797
1.732746
1.720823
1.739029
1.730133
1.708686
1.739129
1.711773
1.737519
1.728775
1.693065
1.735154
1.701287
1.743591
1.731594
1.732383
1.730300
1.715523
1.730137
1.730748
1.718014
1.688479
1.734643
1.704199
1.715882
1.686394
1.726216
1.746726
1.714042
1.744100
1.735485
1.713153
1.701790
1.718014
1.704631
1.706910
1.738636
1.709637
1.738840
1.708194
1.709638
1.739655
1.709092
1.717684
1.712456
1.719128
1.713994
1.724599
1.724540
1.712359
1.730176
1.740427
1.705970
1.724825
1.735832
1.713402
1.717153
1.730732
1.697828
1.726244
1.712122
1.723342
1.687957
1.683899
1.728474
1.726143
1.722609
1.725405
1.745076
1.700051
1.685569
1.722674
1.714539
1.706311
1.678840
1.722860
1.695294
1.719569
1.720455
1.706418
1.688785
1.700172
1.708589
1.732378
1.725936
1.734778
1.718942
1.729160
1.715916
1.737060
1.698230
1.692346
1.754648
1.705821
1.699445
1.723549
1.729401
1.718549
1.739052
1.747255
1.726236
1.711590
1.720314
1.739673
1.735070
1.716902
1.729044
1.702939
1.680106
1.708288
1.704002
1.741100
1.697965
1.713410
1.704735
1.725743
1.730929
1.712133
1.724179
1.700107
1.722887
1.721893
1.734474
1.700249
1.710597
1.686542
1.723557
1.694595
1.740827
1.696325
1.712492
1.720312
1.751817
1.697764
1.718902
1.712580
1.727785
1.700455
1.716285
1.721510
1.710037
1.734528
1.745510
1.712056
1.696176
1.734273
1.714162
1.732611
1.703147
1.702780
1.743467
1.731511
1.729636
1.712784
1.721766
1.714160
1.714289
1.715506
1.729886
1.703377
1.721995
1.714615
1.703824
1.737242
1.712532
1.720978
1.733010
1.721470
1.724386
1.724009
1.707178
1.710757
1.716713
1.734939
1.679774
1.729228
1.701509
1.703526
1.715594
1.718517
1.709276
1.702713
1.705525
1.742709
1.718400
1.723259
1.716431
1.702984
1.683594
1.721943
1.738172
1.717189
1.692515
1.725840
1.728395
1.720994
1.701973
1.691402
1.702049
1.703524
1.709989
1.729700
1.715357
1.705770
1.711459
1.699468
1.711425
1.704017
1.735383
1.728395
1.721469
1.711129
1.726344
1.712168
1.727623
1.700583
1.721634
1.707162
1.722822
1.749168
1.712766
1.719626
1.708878
1.747079
1.706126
1.729240
1.721927
1.716115
1.708298
1.733585
1.730686
1.724242
1.709117
1.705588
1.712533
1.718644
1.720839
1.740405
1.727218
1.732828
1.735718
1.712628
1.709158
1.717698
1.693809
1.742082
1.682316
1.727655
1.731421
1.719611
1.734552
1.733473
1.712353
1.738770
1.735972
1.723448
1.728020
1.687923
1.727196
1.728147
1.693218
1.715212
1.719920
1.713473
1.711772
1.713396
1.737521
1.736787
1.674945
1.741299
1.730674
1.706608
1.737510
1.701145
1.725403
1.714342
1.694866
1.692692
1.742087
1.714894
1.725414
1.715883
1.713821
1.719156
1.747015
1.702894
1.692833
1.705078
1.717130
1.740435
1.697048
1.703853
1.733397
1.699220
1.733015
1.716481
1.709243
1.741623
1.723402
1.693808
1.696425
1.704146
1.727903
1.730575
1.733701
1.721013
1.746634
1.715286
1.717051
1.735514
1.735897
1.745726
1.759817
1.693688
1.749420
1.706646
1.733093
1.716705
1.715773
1.714727
1.723474
1.732626
1.731551
1.713827
1.704806
1.714542
1.694387
1.709987
1.720979
1.713147
1.692985
1.713471
1.695809
1.712379
1.746131
1.743432
1.720881
1.727203
1.698866
1.697093
1.708893
1.734975
1.712941
1.715367
1.712556
1.714746
1.714985
1.715948
1.721568
1.708560
1.724856
1.732849
1.723504
1.696490
1.701775
1.709916
1.728418
1.694107
1.731991
1.751172
1.722811
1.731518
1.706337
1.707762
1.733822
1.718602
1.722037
1.703017
1.713224
1.723125
1.702974
1.713603
1.704529
1.711670
1.714019
1.703220
1.728499
1.735128
1.730430
1.714788
1.728802
1.706077
1.681215
1.693353
1.695478
1.698769
1.761512
1.711604
1.720396
1.715044
1.714953
1.682312
1.738601
1.726051
1.737064
1.730940
1.724148
1.720478
1.725879
1.677471
1.738532
1.714447
1.755980
1.719273
1.724901
1.719428
1.736136
1.708253
1.712180
1.700134
1.735620
1.721237
1.704376
1.715578
1.733366
1.716373
1.719016
1.746234
1.729405
1.701450
1.743371
1.731649
1.743880
1.711369
1.745355
1.738526
1.709011
1.722572
1.712716
1.717113
1.711126
1.713165
1.712088
1.701443
1.717096
1.726921
1.708179
1.720170
1.708184
1.715981
1.713900
1.720802
1.750843
1.712657
1.705570
1.731996
1.711199
1.757201
1.714052
1.708456
1.723841
1.741659
1.710272
1.728135
1.727599
1.722498
1.726440
1.711336
1.736789
1.743965
1.724065
1.739462
1.723978
1.699190
1.714345
1.731972
1.718820
1.695830
1.697622
1.714811
1.721156
1.693854
1.707479
1.690334
1.723063
1.688732
1.703188
1.727295
1.711232
1.700867
1.728269
1.721863
1.735005
1.707112
1.706428
1.703360
1.714178
1.698404
1.724326
1.698943
1.721037
1.725699
1.696286
1.738126
1.712512
1.714013
1.667607
1.722457
1.738085
1.750524
1.726406
1.736853
1.707981
1.738105
1.740366
1.707341
1.705032
1.705206
1.692377
1.721941
1.711068
1.728525
1.690211
1.737630
1.722375
1.730611
1.717006
1.706161
1.718883
1.739749
1.705313
1.716197
1.702812
1.712319
1.720281
1.738799
1.718729
1.728637
1.739639
1.718682
1.743258
1.710510
1.727448
1.737283
1.696046
1.735304
1.698074
1.721796
1.693041
1.704456
1.711711
1.743683
1.707913
1.721491
1.741899
1.708653
1.712949
1.721108
1.724562
1.715973
1.709624
1.720866
1.708470
1.731537
1.730847
1.737972
1.690939
1.729014
1.730599
1.721168
1.716522
1.732338
1.719166
1.716224
1.693296
1.729730
1.730749
1.721192
1.740373
1.693485
1.698708
1.722638
1.715681
1.739709
1.717738
1.719146
1.729177
1.734043
1.717644
1.722217
1.703530
1.724062
1.720114
1.722620
1.686757
1.722700
1.731927
1.707028
1.713200
1.707208
1.717195
1.728581
1.734243
1.698350
1.720159
1.716342
1.731473
1.735309
1.697958
1.721106
1.715556
1.716796
1.700138
1.732510
1.721610
1.745456
1.724080
1.685955
1.693930
1.713371
1.745424
1.727113
1.725931
1.738183
1.722322
1.727518
1.722859
1.707575
1.729008
1.713470
1.723336
1.713277
1.703247
1.705506
1.704646
1.693190
1.703985
1.682342
1.729801
1.724398
1.731343
1.697005
1.721355
1.748641
1.695052
1.717023
1.706999
1.713891
1.695424
1.716627
1.715164
1.738308
1.718728
1.750028
1.731118
1.719761
1.710772
1.763011
1.711260
1.723300
1.742759
1.730427
1.710524
1.723537
1.707303
1.706225
1.716571
1.733073
1.723188
1.704118
1.725085
1.721303
1.720396
1.714259
1.732218
1.707749
1.720596
1.717772
1.688576
1.743787
1.734569
1.713100
1.728855
1.707325
1.721468
1.718865
1.720022
1.722868
1.702392
1.728102
1.721414
1.727767
1.700411
1.739455
1.733616
1.733825
1.710107
1.739848
1.743043
1.701940
1.717061
1.710285
1.731138
1.727374
1.741074
1.722042
1.707928
1.737845
1.724472
1.739061
1.743477
1.735423
1.713827
1.691942
1.729487
1.710654
1.736881
1.715174
1.715997
1.735643
1.701045
1.703852
1.708206
1.729245
1.700406
1.726344
1.728418
1.724225
1.712709
1.704045
1.737270
1.718423
1.689195
1.737313
1.731320
1.698036
1.715306
1.695312
1.696182
1.719688
1.717390
1.717160
1.691810
1.729102
1.707262
1.700595
1.716490
1.735195
1.701254
1.727337
1.737040
1.692380
1.724406
1.715995
1.697807
1.687318
1.719875
1.730214
1.716375
1.723925
1.735937
1.707588
1.729829
1.710193
1.694881
1.730231
1.724430
1.745595
1.712235
1.715783
1.722672
1.727393
1.726523
1.736518
1.712029
1.707096
1.711433
1.737353
1.713126
1.724185
1.714859
1.731343
1.716421
1.737627
1.706836
1.718818
1.696296
1.711417
1.686377
1.693073
1.716860
1.727897
1.691464
1.721868
1.727952
1.735232
1.712781
1.727541
1.706232
1.737048
1.731913
1.710385
1.706397
1.710597
1.744805
1.725038
1.722105
1.698933
1.721184
1.711480
1.704667
1.708220
1.733722
1.711615
1.721028
1.741240
1.710785
1.735650
1.691889
1.695664
1.727429
1.739039
1.707508
1.718286
1.715396
1.714891
1.694214
1.726372
1.695460
1.720482
1.755427
1.710896
1.711382
1.703409
1.722133
1.724652
1.745390
1.708323
1.731650
1.719218
1.729850
1.705668
1.708826
1.699546
1.735565
1.755720
1.685666
1.723391
1.730474
1.718636
1.733960
1.708803
1.732341
1.712029
1.732499
1.702772
1.721115
1.709571
1.726067
1.716268
1.715720
1.700086
1.705907
1.705810
1.724011
1.711930
1.717437
1.734132
1.689957
1.712287
1.736841
1.703239
1.728129
1.696520
1.700623
1.721049
1.720687
1.741824
1.717126
1.696377
1.714076
1.726938
1.756957
1.724624
1.712586
1.704926
1.726094
1.720883
1.687654
1.730897
1.725114
1.714358
1.714519
1.695292
1.721851
1.728363
1.697674
1.707106
1.716455
1.718568
1.724632
1.736548
1.744861
1.742534
1.743090
1.713427
1.712378
1.710161
1.727479
1.704504
1.703938
1.695233
1.734984
1.730562
1.732404
1.719296
1.700034
1.746263
1.710613
1.709324
1.731521
1.729677
1.744146
1.725116
1.724646
1.724673
1.725886
1.708397
1.717126
1.706377
1.719668
1.730430
1.728757
1.704365
1.738898
1.717338
1.709284
1.698658
1.713838
1.725690
1.719006
1.696537
1.707558
1.699593
1.715022
1.721204
1.724152
1.707454
1.719756
1.713902
1.717520
1.688183
1.694119
1.704161
1.718746
1.738564
1.731294
1.710411
1.745353
1.718155
1.713713
1.728692
1.727927
1.708910
1.747512
1.728729
1.711246
1.720947
1.730830
1.709046
1.714549
1.717780
1.722092
1.700872
1.727664
1.724741
1.698987
1.706675
1.712173
1.727419
1.694147
1.732060
1.709923
1.704168
1.732259
1.707443
1.682386
1.707432
1.711604
1.722668
1.754012
1.711629
1.699772
1.713728
1.727578
1.709529
1.729400
1.723702
1.713434
1.703152
1.725018
1.711080
1.714686
1.736796
1.728293
1.759463
1.719993
1.698258
1.722010
1.710809
1.703507
1.725250
1.712809
1.717798
1.718748
1.735891
1.702485
1.722293
1.734095
1.704778
1.715218
1.733080
1.725575
1.717671
1.705679
1.734654
1.715099
1.686674
1.715250
1.716523
1.719567
1.689986
1.727004
1.718358
1.742641
1.722024
1.698329
1.716863
1.723013
1.706765
1.700603
1.729612
1.689249
1.759988
1.730653
1.707131
1.704153
1.745937
1.713342
1.721308
1.710982
1.703477
1.736426
1.711859
1.720962
1.729224
1.723615
1.718755
1.729619
1.722575
1.712981
1.694359
1.729266
1.708455
1.719613
1.725331
1.725299
1.738051
1.721811
1.728179
1.730682
1.705259
1.719813
1.716177
1.727287
1.714436
1.704367
1.714633
1.727612
1.709067
1.728235
1.702336
1.713181
1.725110
1.741298
1.735296
1.723714
1.725906
1.729156
1.722185
1.727768
1.727640
1.732645
1.711498
1.738279
1.688462
1.692199
1.714971
1.699126
1.721662
1.722399
1.720599
1.707789
1.688367
1.728413
1.726486
1.723184
1.726922
1.710949
1.712965
1.733368
1.702638
1.719466
1.739048
1.698022
1.740977
1.672663
1.694062
1.695943
1.728209
1.760095
1.709996
1.732700
1.709787
1.724763
1.703336
1.692497
1.701722
1.710389
1.686133
1.709072
1.695518
1.715775
1.711959
1.725303
1.708171
1.707825
1.711931
1.697705
1.698100
1.724565
1.718158
1.732182
1.731291
1.701950
1.721650
1.720242
1.725542
1.699379
1.716958
1.704000
1.718160
1.726679
1.695248
1.723162
1.685315
1.703843
1.706581
1.712694
1.723426
1.716243
1.730039
1.710015
1.711803
1.706054
1.724877
1.701032
1.731705
1.689249
1.708466
1.715295
1.718168
1.700164
1.728328
1.718507
1.722503
1.691124
1.730219
1.723483
1.720795
1.709907
1.717449
1.709539
1.723111
1.702357
1.729990
1.716746
1.732803
1.753382
1.728414
1.756152
1.698052
1.747279
1.715343
1.703157
1.708006
1.711576
1.694614
1.704399
1.698586
1.690666
1.727831
1.743735
1.709361
1.706666
1.710257
1.727225
1.705448
1.710316
1.722630
1.715582
1.707862
1.688033
1.696214
1.700071
1.694614
1.726374
1.693884
1.711936
1.695317
1.732535
1.717045
1.699729
1.697792
1.736942
1.705398
1.701160
1.706316
1.728696
1.722610
1.725863
1.722688
1.718106
1.746937
1.717332
1.695763
1.700657
1.736280
1.725239
1.705890
1.717115
1.689656
1.731466
1.748374
1.731034
1.703754
1.693793
1.685837
1.714338
1.720186
1.706495
1.724303
1.700901
1.710314
1.713930
1.721375
1.706293
1.690079
1.720203
1.698466
1.699556
1.726583
1.717650
1.720790
1.724354
1.725016
1.757042
1.696098
1.747105
1.711659
1.701494
1.738918
1.716239
1.721325
1.708087
1.734988
1.730885
1.720560
1.715544
1.723962
1.734737
1.729231
1.717085
1.728614
1.744862
1.718173
1.735413
1.700097
1.700469
1.718749
1.709674
1.731438
1.699239
1.723840
1.720902
1.708710
1.715381
1.734106
1.736511
1.748648
1.727011
1.707929
1.749416
1.693096
1.713746
1.716331
1.735612
1.717301
1.709997
1.755944
1.719531
1.702865
1.700850
1.727261
1.714883
1.703520
1.693341
1.673864
1.704145
1.741171
1.717455
1.725617
1.723804
1.703327
1.706033
1.704513
1.734976
1.716309
1.744503
1.726464
1.714773
1.741438
1.753991
1.682113
1.705598
1.704987
1.703011
1.728376
1.700733
1.729422
1.733333
1.728126
1.728494
1.733602
1.726877
1.712163
1.724985
1.720136
1.727923
1.708001
1.695108
1.704302
1.748038
1.725012
1.708051
1.726624
1.729413
1.746024
1.718344
1.704224
1.738012
1.721930
1.704672
1.692552
1.698812
1.728350
1.701458
1.716706
1.729809
1.708810
1.744949
1.673206
1.718595
1.716440
1.735996
1.751515
1.742275
1.710402
1.727175
1.711412
1.711434
1.724629
1.705667
1.717601
1.724757
1.734695
1.730415
1.715753
1.694053
1.709955
1.705532
1.724890
1.707664
1.700312
1.700963
1.737220
1.740175
1.721559
1.744702
1.692145
1.735619
1.700651
1.689141
1.754745
1.710941
1.712712
1.714878
1.718593
1.711720
1.726330
1.699066
1.713129
1.726571
1.742152
1.703996
1.723767
1.726113
1.725568
1.733970
1.716576
1.718914
1.733861
1.739576
1.701256
1.717341
1.678491
1.727225
1.698911
1.728171
1.702364
1.725134
1.717970
1.730080
1.732323
1.719585
1.711052
1.728879
1.728995
1.711437
1.730007
1.707968
1.714571
1.715875
1.734890
1.715534
1.727957
1.735528
1.733499
1.745931
1.714445
1.727975
1.718739
1.724816
1.712030
1.713374
1.729340
1.715545
1.720397
1.704945
1.677023
1.708717
1.701573
1.721701
1.727130
1.739361
1.721343
1.717876
1.733820
1.731987
1.716104
1.704267
1.710416
1.703140
1.704758
1.727290
1.718887
1.745224
1.720211
1.726761
1.716487
1.708187
1.718623
1.733683
1.698458
1.711399
1.721183
1.712666
1.725162
1.718134
1.733064
1.731242
1.706747
1.720485
1.735578
1.707548
1.728500
1.715549
1.712024
1.721668
1.720129
1.696060
1.705927
1.686100
1.726867
1.697327
1.715799
1.728967
1.716163
1.721315
1.697440
1.714495
1.714250
1.716777
1.725490
1.720489
1.697617
1.697363
1.711978
1.718142
1.716970
1.696055
1.732472
1.728983
1.718842
1.742237
1.716840
1.739969
1.714501
1.708219
1.739522
1.715574
1.700356
1.716706
1.724068
1.705737
1.697563
1.693813
1.722307
1.744026
1.717618
1.727362
1.714793
1.724201
1.743630
1.718420
1.705777
1.742514
1.746514
1.719543
1.721708
1.725847
1.734846
1.716471
1.720420
1.728096
1.740583
1.707383
1.725984
1.717686
1.714480
1.727671
1.702190
1.709707
1.707789
1.723303
1.718448
1.721214
1.731400
1.732680
1.699634
1.699675
1.705223
1.707290
1.714402
1.750359
1.719100
1.713455
1.712271
1.707250
1.727344
1.701153
1.728894
1.737294
1.698684
1.712618
1.711439
1.709236
1.723766
1.700837
1.708162
1.722022
1.708254
1.729266
1.713991
1.733190
1.733129
1.728171
1.730420
1.747245
1.705589
1.714299
1.728294
1.726275
1.753080
1.718899
1.703943
1.725120
1.753630
1.749956
1.720176
1.711953
1.721177
1.710257
1.727181
1.721810
1.716062
1.716299
1.704710
1.710631
1.719706
1.692790
1.735184
1.739357
1.721355
1.705132
1.745675
1.723323
1.725235
1.741381
1.711383
1.707116
1.691454
1.731264
1.684329
1.729848
1.732507
1.719555
1.681942
1.737135
1.732497
1.710588
1.696884
1.709590
1.723626
1.723071
1.737245
1.725842
1.720696
1.725490
1.732056
1.700784
1.732182
1.729328
1.701598
1.708042
1.729468
1.699437
1.736423
1.742333
1.709122
1.727500
1.733263
1.701706
1.698768
1.729043
1.722900
1.716971
1.696449
1.718084
1.711302
1.740328
1.714786
1.722948
1.712318
1.727556
1.737343
1.708991
1.731252
1.699514
1.704195
1.717299
1.732037
1.719644
1.715712
1.701796
1.715130
1.723643
1.697726
1.691217
1.713052
1.753603
1.729206
1.749767
1.721662
1.695583
1.722226
1.722529
1.710845
1.699651
1.707294
1.702353
1.707698
1.702591
1.693528
1.720120
1.736528
1.723743
1.706342
1.722026
1.707097
1.731935
1.728389
1.731844
1.709408
1.719849
1.698681
1.719623
1.717638
1.724195
1.731775
1.739318
1.717257
1.722613
1.725694
1.740405
1.738575
1.720172
1.723874
1.709138
1.711224
1.729885
1.712930
1.725363
1.718967
1.728459
1.699847
1.715885
1.734287
1.734621
1.728540
1.701892
1.700682
1.675460
1.731568
1.722641
1.696082
1.687617
1.715458
1.697668
1.688373
1.693537
1.732654
1.704646
1.696451
1.723483
1.726349
1.706066
1.709125
1.722790
1.722106
1.729484
1.735140
1.698835
1.709064
1.707652
1.712654
1.731188
1.753872
1.716753
1.744709
1.700245
1.705897
1.718184
1.711435
1.742430
1.702044
1.701563
1.695438
1.697892
1.694659
1.708818
1.722439
1.730959
1.707785
1.700984
1.721312
1.703700
1.721843
1.729697
1.697255
1.716925
1.719228
1.745650
1.733852
1.730440
1.690168
1.723982
1.726066
1.721068
1.711985
1.721617
1.728400
1.730864
1.708046
1.708369
1.725698
1.679725
1.733303
1.724119
1.711558
1.726595
1.741774
1.733628
1.706754
1.704698
1.739971
1.720053
1.708899
1.719830
1.703939
1.710783
1.755684
1.688248
1.721499
1.730341
1.733690
1.730112
1.718037
1.717161
1.721861
1.750338
1.717842
1.708083
1.696500
1.697797
1.716526
1.697304
1.737564
1.744843
1.739343
1.726018
1.736491
1.715919
1.740038
1.705060
1.731028
1.718227
1.709757
1.744545
1.730441
1.729380
1.730337
1.734367
1.724634
1.735910
1.734754
1.716853
1.711936
1.713087
1.717355
1.712937
1.712795
1.712113
1.728400
1.703269
1.688789
1.714313
1.719691
1.735001
1.700226
1.702200
1.724548
1.724846
1.745738
1.727089
1.707224
1.712902
1.745762
1.732093
1.728152
1.688493
1.725404
1.707414
1.695974
1.722328
1.700073
1.709415
1.722920
1.723760
1.709223
1.745524
1.725179
1.711433
1.726334
1.700185
1.747500
1.721228
1.723989
1.687840
1.687896
1.723115
1.720846
1.715407
1.725702
1.710983
1.712223
1.701468
1.736397
1.693860
1.706618
1.711729
1.722473
1.713554
1.695389
1.721645
1.737269
1.701952
1.716304
1.681337
1.714477
1.738585
1.710210
1.729158
1.707411
1.696828
1.711733
1.726772
1.696173
1.726621
1.715105
1.719132
1.755447
1.721691
1.711969
1.710022
1.732175
1.703171
1.705918
1.706329
1.744644
1.713228
1.741066
1.716484
1.712389
1.711012
1.715517
1.720027
1.704952
1.716385
1.724752
1.717185
1.711897
1.705022
1.724987
1.726018
1.724680
1.710725
1.711405
1.693802
1.711805
1.734144
1.731050
1.713427
1.739966
1.705844
1.732762
1.753452
1.707067
1.732023
1.701382
1.685686
1.694243
1.681359
1.718730
1.704509
1.725816
1.708965
1.689077
1.725390
1.720157
1.716916
1.700870
1.704526
1.711083
1.716192
1.739650
1.719542
1.731398
1.706299
1.720051
1.700461
1.707051
1.715986
1.697584
1.709604
1.720760
1.721476
1.688796
1.715029
1.717460
1.726290
1.736768
1.700992
1.727840
1.752789
1.734114
1.700180
1.719764
1.688815
1.701018
1.710317
1.751867
1.708612
1.723596
1.722393
1.717346
1.733547
1.707407
1.710850
1.718633
1.704169
1.717891
1.696902
1.717570
1.739294
1.697597
1.712444
1.700671
1.709135
1.702902
1.716817
1.731317
1.696594
1.736003
1.711878
1.740841
1.726418
1.704285
1.712291
1.739313
1.721061
1.698050
1.731796
1.718252
1.706309
1.710947
1.716160
1.730253
1.700715
1.735997
1.695441
1.740888
1.738379
1.736852
1.699793
1.725416
1.742340
1.733971
1.764919
1.745740
1.742818
1.723951
1.736683
1.712223
1.714426
1.743400
1.728743
1.725584
1.709632
1.691762
1.715525
1.714404
1.724085
1.724400
1.735502
1.718680
1.711138
1.683259
1.713502
1.705878
1.737752
1.714333
1.742380
1.699836
1.712970
1.719889
1.716610
1.714369
1.705135
1.705112
1.712242
1.700805
1.732480
1.713707
1.696259
1.713708
1.726932
1.705260
1.737277
1.715426
1.713279
1.728298
1.732995
1.685636
1.701485
1.720024
1.721385
1.713552
1.728484
1.731932
1.722284
1.711529
1.739667
1.696856
1.731780
1.686160
1.712576
1.717668
1.734023
1.708076
1.735596
1.700311
1.695818
1.735024
1.734811
1.684203
1.734757
1.688603
1.741407
1.735066
1.711707
1.701974
1.697102
1.727514
1.703272
1.713757
1.705858
1.715966
1.735699
1.743248
1.727759
1.721256
1.708317
1.694961
1.731389
1.722150
1.726504
1.715479
1.719105
1.680419
1.722009
1.704157
1.700873
1.728729
1.727008
1.716064
1.696363
1.728681
1.725742
1.720144
1.741127
1.739330
1.731148
1.728753
1.725457
1.710360
1.704384
1.736641
1.725940
1.692558
1.733984
1.743583
1.719367
1.730150
1.715176
1.725484
1.713514
1.725094
1.734934
1.701470
1.690155
1.720085
1.716887
1.702285
1.731999
1.709409
1.725558
1.703391
1.735295
1.685068
1.728313
1.729165
1.711936
1.729833
1.708815
1.734655
1.716192
1.716744
1.733155
1.723710
1.702070
1.713616
1.746972
1.692857
1.695533
1.711197
1.716890
1.702930
1.724086
1.710362
1.735945
1.722747
1.709334
1.699139
1.729418
1.731682
1.730946
1.712844
1.726543
1.714722
1.717692
1.717628
1.710594
1.719571
1.722481
1.715317
1.728293
1.706905
1.722395
1.715976
1.697175
1.729981
1.741642
1.690243
1.744383
1.709767
1.728375
1.734284
1.724365
1.707158
1.727354
1.718825
1.698763
1.733024
1.713024
1.741713
1.728475
1.711921
1.715882
1.701845
1.739467
1.717288
1.725821
1.724754
1.729272
1.717975
1.719481
1.752806
1.719064
1.742545
1.712243
1.699595
1.729556
1.714566
1.715526
1.732421
1.684791
1.721792
1.723790
1.715564
1.696829
1.747854
1.734638
1.710167
1.679628
1.699131
1.744238
1.766440
1.733281
1.723020
1.705870
1.701212
1.715650
1.701080
1.743378
1.726042
1.720450
1.689315
1.730510
1.759449
1.706629
1.724598
1.690346
1.713537
1.721873
1.687270
1.736184
1.701031
1.728305
1.719470
1.729970
1.685657
1.703005
1.745964
1.726154
1.710659
1.727593
1.730095
1.733332
1.720276
1.737945
1.737525
1.702182
1.718273
1.748473
1.731141
1.684086
1.723986
1.721861
1.719980
1.739650
1.714087
1.724405
1.711496
1.720129
1.737207
1.702117
1.711897
1.727201
1.724450
1.716812
1.699669
1.738918
1.704617
1.765523
1.721599
1.713031
1.755134
1.708371
1.717935
1.708336
1.725502
1.707776
1.716734
1.723668
1.701848
1.730154
1.709146
1.726962
1.705987
1.721198
1.712726
1.699420
1.730041
1.708560
1.709752
1.702282
1.697052
1.700923
1.716046
1.752683
1.693473
1.712717
1.737975
1.698963
1.726010
1.709684
1.748411
1.742539
1.723344
1.704951
1.705549
1.735966
1.730784
1.732401
1.710542
1.714540
1.715838
1.695665
1.704279
1.734714
1.703930
1.727309
1.698000
1.732624
1.702474
1.695141
1.701850
1.741190
1.696023
1.714160
1.706816
1.712770
1.715646
1.726951
1.702166
1.727525
1.715646
1.727156
1.706791
1.717396
1.748299
1.707525
1.725240
1.736900
1.721465
1.737500
1.709715
1.727521
1.710824
1.707769
1.749273
1.710532
1.724330
1.711745
1.736257
1.707152
1.722775
1.725819
1.737281
1.726253
1.710230
1.703916
1.719466
1.718324
1.721816
1.727538
1.709028
1.744328
1.726165
1.740805
1.701770
1.716530
1.711374
1.718734
1.703790
1.716030
1.698490
1.730455
1.700725
1.704626
1.723989
1.677329
1.716441
1.731227
1.720039
1.733420
1.720930
1.734453
1.711473
1.723750
1.729643
1.720080
1.702196
1.738923
1.731199
1.729025
1.703992
1.721743
1.728768
1.720535
1.702708
1.701715
1.730547
1.683089
1.706658
1.725328
1.736656
1.697325
1.703291
1.709567
1.721172
1.721886
1.706587
1.727929
1.702887
1.724408
1.717296
1.723207
1.719426
1.700723
1.721535
1.759935
1.720086
1.734530
1.726679
1.736749
1.722434
1.713371
1.692434
1.705519
1.725992
1.708456
1.699521
1.734045
1.693142
1.698129
1.745602
1.709923
1.712351
1.704496
1.719758
1.728044
1.736367
1.750334
1.713699
1.705606
1.703395
1.706742
1.728248
1.726900
1.722377
1.718291
1.698647
1.723228
1.695619
1.741259
1.728837
1.724867
1.713137
1.725033
1.707269
1.708340
1.714801
1.735047
1.701209
1.688788
1.713341
1.698825
1.714212
1.721474
1.733116
1.718169
1.723463
1.720660
1.705453
1.704308
1.721316
1.714657
1.719712
1.724370
1.753658
1.704572
1.703437
1.721863
1.734164
1.708286
1.729028
1.716740
1.757954
1.729433
1.722782
1.736218
1.728670
1.713471
1.734524
1.708602
1.724492
1.739535
1.717355
1.714770
1.711040
1.724673
1.724916
1.733508
1.703505
1.715726
1.721424
1.745785
1.731751
1.699359
1.726923
1.684727
1.719477
1.702733
1.723679
1.725598
1.699579
1.718587
1.706697
1.704659
1.743413
1.711838
1.739699
1.706586
1.741859
1.724644
1.738107
1.718078
1.714359
1.692625
1.730794
1.725530
1.711338
1.714174
1.723916
1.692004
1.721982
1.730279
1.721457
1.693570
1.745488
1.742310
1.715899
1.703365
1.716748
1.715478
1.706021
1.742321
1.709636
1.722880
1.718592
1.701642
1.736042
1.729450
1.741285
1.712369
1.698514
1.719640
1.721651
1.699380
1.706457
1.727219
1.704353
1.714515
1.703355
1.716344
1.726519
1.717977
1.696101
1.721807
1.718503
1.683990
1.707465
1.699471
1.728550
1.735563
1.738829
1.735124
1.731988
1.736400
1.720133
1.712635
1.718612
1.707707
1.732667
1.726641
1.690605
1.705274
1.720625
1.710116
1.698729
1.725246
1.701982
1.688192
1.723132
1.717515
1.708875
1.747929
1.738642
1.727840
1.743226
1.714075
1.706831
1.711672
1.744092
1.715316
1.724959
1.687707
1.730166
1.752748
1.736866
1.698226
1.711698
1.688513
1.736582
1.747381
1.718200
1.747979
1.694384
1.719343
1.739807
1.727355
1.727180
1.687709
1.699469
1.730303
1.702346
1.716749
1.713651
1.743543
1.759483
1.733647
1.713679
1.725869
1.713644
1.719008
1.742218
1.692262
1.738161
1.713756
1.734995
1.712645
1.741904
1.737747
1.727009
1.728807
1.722635
1.709825
1.739504
1.717286
1.722422
1.733312
1.714275
1.742291
1.691256
1.690636
1.702990
1.690979
1.729457
1.687695
1.705751
1.727187
1.732179
1.724811
1.715404
1.701630
1.719330
1.716883
1.718849
1.739987
1.739304
1.729609
1.690619
1.714991
1.698429
1.733419
1.715713
1.707254
1.721295
1.719840
1.727794
1.711778
1.714256
1.684682
1.727361
1.735621
1.693873
1.716804
1.725493
1.705656
1.734206
1.709801
1.726156
1.710983
1.722782
1.723564
1.703098
1.697508
1.701697
1.730454
1.727962
1.693109
1.758036
1.736559
1.737104
1.705757
1.710766
1.750952
1.717458
1.737337
1.730029
1.717813
1.696880
1.726297
1.729531
1.745363
1.745392
1.737393
1.728145
1.712137
1.695679
1.749054
1.712104
1.699903
1.702884
1.721864
1.739990
1.720947
1.734952
1.734879
1.725198
1.714855
1.703873
1.725708
1.696074
1.708738
1.730304
1.721474
1.717014
1.696690
1.689095
1.726219
1.731800
1.743344
1.715513
1.742677
1.726462
1.716538
1.732664
1.730278
1.711435
1.716105
1.723965
1.719949
1.704242
1.719884
1.709410
1.716763
1.736289
1.714598
1.712748
1.689737
1.707172
1.731159
1.719645
1.721748
1.745247
1.729916
1.740567
1.717942
1.729744
1.724909
1.725101
1.708919
1.732213
1.709586
1.711466
1.746981
1.708236
1.714849
1.739241
1.743000
1.741359
1.698733
1.737782
1.708477
1.729943
1.710648
1.731302
1.720809
1.714405
1.730140
1.728822
1.727216
1.695543
1.722222
1.725555
1.703818
1.711726
1.733678
1.732624
1.733599
1.709183
1.735179
1.708166
1.676286
1.738610
1.710142
1.705667
1.718916
1.734098
1.731221
1.701227
1.692248
1.725713
1.719217
1.714283
1.726116
1.716462
1.761855
1.717354
1.713379
1.715293
1.693182
1.678927
1.696995
1.728935
1.717160
1.731817
1.713855
1.719736
1.710469
1.710715
1.723978
1.728461
1.731346
1.712792
1.724600
1.740866
1.690830
1.723214
1.716104
1.734885
1.748063
1.715014
1.714610
1.723056
1.732868
1.708006
1.723771
1.729414
1.720819
1.740184
1.693469
1.728647
1.716795
1.721761
1.727994
1.739101
1.724841
1.708223
1.730012
1.710933
1.750359
1.731178
1.736405
1.721755
1.736198
1.699245
1.720107
1.698959
1.712121
1.735268
1.728359
1.738302
1.735478
1.731317
1.744025
1.683686
1.714910
1.725650
1.734338
1.731630
1.754813
1.742928
1.738808
1.714700
1.710554
1.720613
1.713391
1.735543
1.695676
1.715093
1.723156
1.738220
1.735849
1.704782
1.711902
1.705763
1.720646
1.725328
1.729835
1.699725
1.721766
1.698620
1.718205
1.722841
1.723503
1.734104
1.718970
1.719376
1.701741
1.698369
1.712995
1.700090
1.756921
1.698178
1.734984
1.708653
1.740157
1.691937
1.714470
1.743550
1.725157
1.731061
1.727588
1.721807
1.722017
1.713845
1.726432
1.698938
1.699071
1.692120
1.718943
1.694492
1.735847
1.729993
1.701155
1.726652
1.717745
1.710085
1.730232
1.704135
1.728546
1.705030
1.718708
1.721513
1.708969
1.732743
1.729500
1.711355
1.719927
1.707048
1.731102
1.705730
1.730899
1.684817
1.712324
1.700025
1.723589
1.722745
1.721853
1.749496
1.708291
1.716074
1.704052
1.721963
1.709824
1.708659
1.715565
1.740960
1.707246
1.714925
1.680901
1.751352
1.712359
1.723483
1.713769
1.700899
1.716692
1.719402
1.734392
1.739546
1.723217
1.727393
1.723012
1.693375
1.700034
1.718156
1.694081
1.737819
1.717374
1.718593
1.721788
1.723312
1.719524
1.734062
1.725006
1.724614
1.740533
1.720538
1.698089
1.697705
1.721016
1.730266
1.709658
1.703307
1.751900
1.753136
1.715204
1.726330
1.719167
1.709403
1.700954
1.702709
1.762213
1.729080
1.696502
1.701574
1.744526
1.729187
1.743279
1.745211
1.695704
1.726381
1.753874
1.706011
1.731966
1.697874
1.698870
1.720802
1.709168
1.710995
1.699157
1.719945
1.714878
1.732866
1.711118
1.724611
1.717526
1.721580
1.710521
1.748134
1.678751
1.720734
1.740521
1.704922
1.717703
1.711353
1.740565
1.739701
1.733199
1.720039
1.707113
1.678215
1.727745
1.729296
1.695376
1.721792
1.723499
1.705451
1.738170
1.703088
1.716047
1.700159
1.706648
1.688536
1.720318
1.709620
1.703971
1.744092
1.754973
1.719313
1.714915
1.695020
1.715583
1.716501
1.729996
1.714483
1.721821
1.724313
1.750913
1.743382
1.726679
1.716882
1.735944
1.732794
1.719916
1.687067
1.700602
1.709610
1.710834
1.711861
1.731692
1.720894
1.717905
1.705668
1.716518
1.720424
1.691806
1.713250
1.709759
1.721681
1.712777
1.703948
1.755699
1.711976
1.709998
1.689272
1.724672
1.707525
1.724448
1.710596
1.745201
1.723054
1.713659
1.731797
1.709673
1.743716
1.722804
1.746478
1.745100
1.727405
1.715849
1.728831
1.725466
1.716309
1.702476
1.695556
1.699309
1.722080
1.725505
1.736833
1.771839
1.694726
1.720265
1.724848
1.728782
1.699630
1.734672
1.741880
1.712471
1.711388
1.713187
1.699861
1.698294
1.728158
1.707812
1.729042
1.705553
1.729479
1.728071
1.752809
1.720587
1.693905
1.707527
1.703136
1.720885
1.752290
1.699874
1.701002
1.696390
1.736954
1.723829
1.729357
1.714766
1.732024
1.675542
1.707022
1.723638
1.718446
1.734105
1.714967
1.703005
1.731568
1.698426
1.695762
1.723414
1.714484
1.718763
1.712346
1.704821
1.736097
1.702309
1.700553
1.711787
1.726807
1.743368
1.718737
1.726054
1.722801
1.712620
1.724616
1.690414
1.705311
1.732754
1.691951
1.730178
1.701275
1.720724
1.710723
1.735099
1.712335
1.730057
1.717538
1.727534
1.711908
1.709241
1.723270
1.713545
1.734249
1.708443
1.730037
1.736877
1.713795
1.728665
1.704088
1.711258
1.735757
1.730729
1.690549
1.727069
1.711186
1.707370
1.715894
1.707347
1.692544
1.705533
1.723291
1.712862
1.728820
1.723822
1.720873
1.731321
1.712700
1.711430
1.747503
1.720254
1.707890
1.703786
1.703189
1.722466
1.696803
1.717064
1.711347
1.712690
1.723173
1.737423
1.718814
1.726738
1.750178
1.709102
1.720925
1.707357
1.707578
1.713436
1.755647
1.735576
1.710498
1.728932
1.734167
1.706792
1.744637
1.695050
1.706772
1.728326
1.722378
1.745635
1.716492
1.675423
1.714393
1.703513
1.740259
1.721504
1.708549
1.736884
1.704909
1.687013
1.723029
1.739598
1.731562
1.724511
1.720440
1.719105
1.713472
1.718593
1.704160
1.748365
1.722120
1.716181
1.725884
1.714605
1.725696
1.729146
1.685960
1.740580
1.698996
1.713424
1.718212
1.732301
1.712314
1.705874
1.736947
1.701605
1.736727
1.713941
1.711134
1.711146
1.709328
1.711140
1.701352
1.717320
1.695707
1.754226
1.729753
1.722467
1.703667
1.716826
1.741792
1.714009
1.731701
1.722239
1.746116
1.730906
1.728980
1.706122
1.719616
1.716730
1.698482
1.736017
1.771083
1.704369
1.702342
1.717438
1.730981
1.726417
1.717252
1.711705
1.691553
1.731162
1.724800
1.730612
1.712613
1.743198
1.721305
1.695856
1.740704
1.707252
1.703369
1.733347
1.721464
1.719659
1.705158
1.726483
1.721177
1.723510
1.717067
1.749431
1.722853
1.735602
1.709814
1.707520
1.726196
1.711147
1.712512
1.713396
1.725525
1.701622
1.726575
1.735325
1.744627
1.706011
1.726802
1.709149
1.711665
1.721089
1.702799
1.723718
1.724810
1.732711
1.710182
1.697899
1.709997
1.718920
1.715477
1.735064
1.677892
1.724942
1.729062
1.713465
1.683603
1.707941
1.708336
1.720606
1.731704
1.721638
1.728265
1.714600
1.710357
1.715423
1.717112
1.698774
1.713764
1.724587
1.740061
1.722135
1.731801
1.734898
1.724499
1.745159
1.699313
1.675478
1.727409
1.714787
1.708082
1.705722
1.693352
1.714334
1.725400
1.714286
1.724832
1.744014
1.727459
1.714533
1.700052
1.727544
1.694573
1.720729
1.724675
1.737751
1.734942
1.727305
1.756413
1.728221
1.713662
1.703168
1.718236
1.719903
1.717785
1.716368
1.720028
1.678700
1.732366
1.723126
1.716560
1.710586
1.703536
1.719801
1.712651
1.715464
1.718795
1.719918
1.729056
1.694618
1.730747
1.726555
1.698230
1.728320
1.736967
1.717577
1.707954
1.737496
1.707288
1.748349
1.701420
1.726771
1.751805
1.741276
1.704888
1.716747
1.720229
1.725872
1.701348
1.711610
1.706909
1.702624
1.726583
1.700960
1.706122
1.737753
1.740593
1.731078
1.713050
1.715166
1.723121
1.704837
1.721340
1.708831
1.707476
1.728855
1.727167
1.697506
1.721822
1.731037
1.700538
1.709779
1.701448
1.722058
1.733555
1.681676
1.737103
1.716261
1.729007
1.714182
1.714514
1.709941
1.740345
1.719107
1.702569
1.722384
1.716243
1.744861
1.717320
1.696424
1.707406
1.708118
1.737147
1.717785
1.714752
1.706091
1.726178
1.704922
1.739058
1.699309
1.722871
1.735439
1.732126
1.723858
1.720654
1.719709
1.721045
1.725341
1.707610
1.712617
1.723959
1.737385
1.718433
1.735844
1.740354
1.736955
1.738153
1.725682
1.726295
1.708231
1.699858
1.729365
1.729362
1.714448
1.699979
1.740333
1.715411
1.751168
1.736083
1.713585
1.731642
1.714509
1.738609
1.707939
1.693781
1.697047
1.729154
1.724243
1.717092
1.745630
1.714635
1.734510
1.693464
1.696193
1.732904
1.715489
1.740300
1.731348
1.736189
1.716067
1.736430
1.722124
1.738848
1.725344
1.727624
1.748074
1.725890
1.724613
1.703371
1.725944
1.725567
1.712459
1.692575
1.734969
1.733015
1.723024
1.705465
1.702908
1.745119
1.697191
1.722496
1.756353
1.713623
1.704196
1.745144
1.736794
1.717138
1.698904
1.716367
1.730774
1.712875
1.699091
1.709877
1.717035
1.711077
1.723001
1.718226
1.732751
1.692495
1.731100
1.728159
1.739529
1.719008
1.713990
1.726140
1.741566
1.734328
1.716306
1.732311
1.709442
1.713151
1.701497
1.712495
1.712951
1.713278
1.707573
1.711109
1.702210
1.719123
1.750577
1.720527
1.711616
1.711572
1.731818
1.739696
1.707985
1.722777
1.722302
1.734959
1.727499
1.721933
1.686680
1.692550
1.729546
1.735517
1.706008
1.696043
1.700385
1.728813
1.718535
1.700430
1.739541
1.729036
1.724752
1.692986
1.719105
1.701818
1.715051
1.744847
1.722704
1.743382
1.701511
1.702255
1.739900
1.719178
1.723028
1.724939
1.720261
1.706545
1.730420
1.710347
1.721179
1.734475
1.712453
1.665219
1.716267
1.724370
1.748890
1.718294
1.701796
1.703836
1.727490
1.682580
1.774100
1.698220
1.694596
1.720641
1.708422
1.725615
1.725646
1.740502
1.704902
1.754976
1.705428
1.714955
1.713927
1.723834
1.719696
1.720463
1.736949
1.735726
1.753957
1.721868
1.724718
1.720337
1.731891
1.729675
1.710891
1.725954
1.719133
1.727541
1.730878
1.713692
1.711940
1.726483
1.730988
1.718568
1.720623
1.698833
1.712865
1.732030
1.750676
1.704498
1.708311
1.720530
1.725036
1.691370
1.710959
1.700379
1.702311
1.692677
1.707594
1.753475
1.724322
1.703792
1.732290
1.719561
1.726075
1.703686
1.714553
1.732385
1.721663
1.719139
1.708534
1.741219
1.730378
1.694402
1.726667
1.686379
1.718781
1.735942
1.724597
1.735998
1.713008
1.721095
1.713454
1.728459
1.729298
1.728024
1.715666
1.735316
1.728907
1.700653
1.717894
1.681566
1.724100
1.722345
1.705637
1.733644
1.749197
1.721211
1.717406
1.707542
1.720812
1.708229
1.701379
1.721480
1.699845
1.714948
1.710967
1.727053
1.714301
1.727403
1.703819
1.689855
1.719697
1.697587
1.706267
1.706617
1.712739
1.702416
1.743844
1.720540
1.715008
1.733654
1.697732
1.708990
1.698398
1.681273
1.721631
1.761236
1.741599
1.738678
1.693201
1.683932
1.706835
1.726103
1.730963
1.725660
1.711642
1.708927
1.718439
1.690891
1.726604
1.699588
1.717713
1.697233
1.705147
1.734689
1.722626
1.748455
1.716318
1.711550
1.741546
1.713709
1.694287
1.726721
1.725313
1.728389
1.734154
1.692555
1.727467
1.717468
1.715552
1.715869
1.721087
1.714207
1.714432
1.714764
1.712723
1.710107
1.708294
1.751317
1.726298
1.732693
1.716461
1.704402
1.706341
1.744028
1.677921
1.760313
1.721674
1.709987
1.689016
1.706731
1.724591
1.712501
1.690271
1.734694
1.711396
1.719789
1.728583
1.721123
1.730162
1.701360
1.708171
1.729504
1.702834
1.726708
1.703987
1.722022
1.696763
1.722912
1.691100
1.717984
1.730959
1.710190
1.738048
1.688662
1.720759
1.705853
1.716495
1.707853
1.701946
1.715902
1.708384
1.731760
1.728751
1.723603
1.685763
1.746809
1.721110
1.721612
1.718124
1.720329
1.724646
1.706774
1.714787
1.708704
1.711643
1.727742
1.718900
1.708240
1.739213
1.726152
1.707260
1.711870
1.711269
1.716175
1.712720
1.715449
1.713351
1.727215
1.717330
1.713114
1.723403
1.723157
1.737325
1.695719
1.727827
1.737833
1.703323
1.693812
1.712342
1.720639
1.723202
1.742873
1.709975
1.716836
1.734463
1.716763
1.692588
1.714880
1.717925
1.758166
1.727851
1.749073
1.708188
1.722489
1.717030
1.716698
1.720293
1.713756
1.694542
1.705450
1.714324
1.711052
1.730183
1.730407
1.712010
1.729669
1.735835
1.737667
1.713389
1.694119
1.718715
1.719746
1.730356
1.715908
1.714575
1.731586
1.738183
1.735675
1.724162
1.701624
1.711210
1.721229
1.720802
1.717523
1.708272
1.715778
1.712239
1.736484
1.689394
1.708685
1.728242
1.719301
1.758192
1.712303
1.740760
1.717178
1.728656
1.714949
1.707645
1.729746
1.710222
1.713018
1.705560
1.706924
1.710673
1.724821
1.710160
1.709361
1.706062
1.703550
1.721297
1.735462
1.721194
1.721663
1.721972
1.736411
1.739655
1.737818
1.728176
1.714743
1.722518
1.705638
1.692863
1.703540
1.700304
1.706163
1.731559
1.723319
1.750537
1.726024
1.698964
1.736820
1.728355
1.711070
1.728330
1.695406
1.706519
1.720616
1.723214
1.690373
1.716408
1.712789
1.701876
1.712500
1.726001
1.720703
1.710526
1.710123
1.705847
1.700814
1.747198
1.725424
1.729351
1.732346
1.709076
1.722687
1.696393
1.715444
1.743628
1.717602
1.700710
1.705292
1.727753
1.752102
1.710826
1.718014
1.754909
1.731202
1.710715
1.712254
1.702548
1.739136
1.724362
1.707879
1.722843
1.710566
1.712460
1.728552
1.727925
1.729767
1.723749
1.719987
1.712167
1.748615
1.731178
1.731098
1.709658
1.722592
1.716163
1.709037
1.724680
1.695505
1.709167
1.688766
1.731236
1.726288
1.716685
1.712546
1.694161
1.721518
1.704254
1.705170
1.715357
1.712236
1.720644
1.709166
1.725774
1.712433
1.712460
1.720702
1.717925
1.731584
1.697049
1.722331
1.716951
1.707933
1.728197
1.710812
1.712626
1.708892
1.696905
1.736488
1.705675
1.679537
1.717504
1.744278
1.687356
1.720186
1.713147
1.730325
1.722526
1.727230
1.715798
1.712662
1.714160
1.716846
1.726964
1.750161
1.718722
1.724695
1.717362
1.688338
1.717483
1.723834
1.710093
1.701926
1.711584
1.721407
1.716223
1.710513
1.708062
1.694420
1.716401
1.717968
1.745318
1.741858
1.709956
1.737568
1.725626
1.701084
1.733059
1.703918
1.694787
1.690996
1.737730
1.710525
1.725603
1.718314
1.726240
1.730969
1.734696
1.735598
1.694589
1.725624
1.713251
1.707770
1.723107
1.720749
1.728627
1.719776
1.715449
1.719579
1.709755
1.722823
1.740504
1.719466
1.725754
1.712785
1.688909
1.717371
1.731762
1.718095
1.695219
1.721309
1.723337
1.700439
1.722644
1.736967
1.703860
1.718223
1.739039
1.703404
1.720143
1.732504
1.732935
1.727880
1.709760
1.714192
1.698145
1.683012
1.714732
1.729891
1.712102
1.736582
1.732045
1.726845
1.728845
1.702626
1.745393
1.736892
1.708545
1.702940
1.707214
1.716954
1.722505
1.736111
1.733224
1.735595
1.728171
1.706250
1.741209
1.719507
1.708634
1.712529
1.719189
1.723002
1.740622
1.692801
1.733666
1.733759
1.682102
1.699044
1.716841
1.747437
1.675710
1.723435
1.732561
1.708335
1.744988
1.723962
1.741256
1.715607
1.683525
1.731656
1.728582
1.740787
1.717214
1.717375
1.751824
1.727720
1.758186
1.711512
1.704793
1.713946
1.724264
1.711655
1.746708
1.707818
1.705235
1.711897
1.705103
1.727739
1.737410
1.715679
1.709397
1.738562
1.739247
1.711193
1.725773
1.720394
1.711621
1.717835
1.750516
1.693902
1.700602
1.720526
1.708308
1.732814
1.719057
1.714316
1.720476
1.724236
1.715157
1.684296
1.723876
1.716312
1.700580
1.703147
1.704503
1.733955
1.733367
1.709679
1.716651
1.712414
1.669528
1.710860
1.701079
1.716777
1.718676
1.735084
1.738419
1.706649
1.683659
1.740435
1.713960
1.720813
1.713807
1.717966
1.701704
1.718856
1.712364
1.717951
1.692766
1.723972
1.702427
1.729365
1.734919
1.735753
1.718750
1.705736
1.721942
1.735009
1.718781
1.713363
1.719756
1.740391
1.720510
1.726277
1.689232
1.731643
1.715849
1.723281
1.699048
1.714565
1.724660
1.697309
1.709995
1.730258
1.725216
1.698897
1.738098
1.698975
1.727709
1.695753
1.722803
1.714913
1.720937
1.729057
1.737140
1.733632
1.710979
1.714804
1.730594
1.722063
1.724475
1.717589
1.700991
1.714217
1.728391
1.701395
1.723056
1.713916
1.735888
1.739957
1.721046
1.745517
1.717702
1.710657
1.708880
1.713773
1.737907
1.702338
1.744819
1.731459
1.727211
1.711386
1.712368
1.736601
1.732419
1.743785
1.707191
1.727158
1.718862
1.724254
1.714803
1.723211
1.708244
1.746392
1.723511
1.710155
1.732226
1.710960
1.695982
1.720109
1.709218
1.715443
1.706500
1.740518
1.743728
1.703445
1.707969
1.667339
1.715631
1.705445
1.714722
1.713092
1.725428
1.711306
1.727634
1.734838
1.714539
1.736734
1.738713
1.721365
1.713626
1.735116
1.704859
1.704745
1.698972
1.739662
1.713764
1.738547
1.672723
1.741807
1.708071
1.733225
1.725425
1.700037
1.729883
1.724763
1.715947
1.717448
1.739051
1.712652
1.722387
1.704326
1.699035
1.711715
1.698131
1.728524
1.699435
1.678284
1.743282
1.690988
1.735561
1.733348
1.704207
1.719989
1.715946
1.701157
1.721798
1.730170
1.727835
1.736815
1.693509
1.722223
1.708323
1.705417
1.709687
1.721861
1.711157
1.729201
1.761371
1.739304
1.705657
1.726661
1.705003
1.730663
1.731132
1.699241
1.716935
1.722933
1.721201
1.725187
1.742542
1.702063
1.685347
1.712949
1.737118
1.714028
1.712683
1.696124
1.718018
1.723713
1.725715
1.707597
1.718012
1.722950
1.703037
1.710727
1.710617
1.699120
1.718417
1.709560
1.715755
1.734173
1.731640
1.718873
1.694212
1.708463
1.729195
1.696305
1.747246
1.690992
1.712118
1.731528
1.719782
1.734502
1.703441
1.726934
1.745418
1.730299
1.731693
1.723195
1.715506
1.699502
1.721626
1.720774
1.684471
1.727188
1.732755
1.729822
1.677792
1.727097
1.717998
1.718705
1.683274
1.721381
1.706981
1.725867
1.729009
1.686773
1.721680
1.716483
1.737192
1.713501
1.707160
1.714680
1.721768
1.728234
1.723874
1.706685
1.714587
1.734339
1.710733
1.704554
1.675481
1.720506
1.701875
1.694628
1.703745
1.708359
1.712147
1.719550
1.694509
1.700934
1.727965
1.711480
1.703072
1.732924
1.712002
1.713517
1.726910
1.724206
1.700314
1.716118
1.702709
1.700726
1.721689
1.727530
1.724969
1.743180
1.725377
1.697895
1.695224
1.717554
1.722991
1.703809
1.703826
1.724524
1.722480
1.743790
1.708589
1.707557
1.688450
1.718290
1.734749
1.686300
1.723122
1.723354
1.727700
1.733329
1.729368
1.731300
1.725500
1.724745
1.723632
1.734300
1.717116
1.739914
1.734353
1.691046
1.701787
1.716416
1.705338
1.719144
1.713546
1.694307
1.678839
1.719885
1.741515
1.726142
1.724279
1.703157
1.705862
1.725289
1.708736
1.725209
1.704689
1.695196
1.695278
1.684837
1.724610
1.724422
1.700435
1.693786
1.717910
1.711720
1.702133
1.714991
1.727048
1.712299
1.733037
1.714213
1.726322
1.706946
1.727026
1.712218
1.733492
1.715565
1.722393
1.719427
1.725370
1.706316
1.738817
1.709268
1.726644
1.744164
1.729814
1.719717
1.707255
1.725459
1.730417
1.742296
1.732339
1.703001
1.724657
1.716528
1.683590
1.701414
1.697904
1.714385
1.708084
1.701890
1.714070
1.691360
1.731476
1.709865
1.697220
1.719212
1.729329
1.728134
1.679647
1.726060
1.739278
1.734534
1.716789
1.704688
1.720132
1.727112
1.675946
1.682253
1.712721
1.700385
1.711207
1.709636
1.726441
1.702412
1.719107
1.715197
1.725754
1.722158
1.717673
1.730532
1.729355
1.713657
1.700259
1.735855
1.724986
1.724036
1.714308
1.739919
1.712683
1.700301
1.722219
1.678791
1.723335
1.736724
1.732609
1.747753
1.746573
1.737534
1.726737
1.740281
1.715583
1.720080
1.740958
1.719017
1.696234
1.716733
1.698617
1.728275
1.737402
1.721613
1.704413
1.705467
1.707494
1.698623
1.708023
1.686835
1.709990
1.750548
1.723834
1.722708
1.720295
1.733085
1.732212
1.736393
1.719115
1.714526
1.703303
1.739343
1.730900
1.712392
1.714061
1.731776
1.731386
1.735156
1.723264
1.720271
1.737085
1.708625
1.731148
1.752087
1.708588
1.727125
1.720839
1.733772
1.724542
1.725810
1.703370
1.716385
1.747347
1.704430
1.728641
1.734448
1.711705
1.709479
1.714117
1.688352
1.710220
1.720440
1.717981
1.686119
1.705669
1.731932
1.722820
1.715670
1.737555
1.728681
1.709134
1.725843
1.733056
1.724761
1.748173
1.719762
1.696934
1.693250
1.711360
1.712737
1.703491
1.717921
1.716491
1.728417
1.740402
1.716737
1.720512
1.723285
1.727242
1.702235
1.733841
1.745680
1.702667
1.722931
1.731947
1.734169
1.720975
1.710801
1.728240
1.718555
1.673296
1.712755
1.710313
1.713634
1.713737
1.713826
1.727804
1.727258
1.697823
1.730496
1.720486
1.715594
1.709436
1.696848
1.710348
1.732906
1.705119
1.710933
1.718591
1.744557
1.717001
1.720500
1.713538
1.706366
1.710439
1.720242
1.723406
1.744418
1.726534
1.726609
1.694506
1.729810
1.713469
1.735827
1.705855
1.706483
1.732850
1.673820
1.711740
1.739765
1.700553
1.712233
1.698118
1.706644
1.709190
1.693869
1.715577
1.720671
1.723330
1.714618
1.715535
1.714288
1.739209
1.728563
1.718018
1.707214
1.690605
1.728658
1.754458
1.717773
1.711960
1.708908
1.721855
1.723302
1.709015
1.711399
1.720199
1.720301
1.694579
1.728063
1.727653
1.716268
1.735162
1.716880
1.723766
1.731133
1.690182
1.724926
1.742113
1.714270
1.729975
1.697307
1.702389
1.723856
1.720034
1.735206
1.726516
1.732812
1.703859
1.722694
1.719995
1.710354
1.716631
1.744403
1.694513
1.733372
1.710076
1.725606
1.736975
1.728289
1.714624
1.742333
1.724037
1.728543
1.733212
1.706491
1.716297
1.697648
1.696465
1.709505
1.715714
1.749300
1.723392
1.708497
1.696286
1.735027
1.694237
1.709596
1.702969
1.695976
1.734918
1.730914
1.704081
1.706913
1.723476
1.722060
1.700170
1.726451
1.727502
1.708214
1.730052
1.706588
1.705017
1.725480
1.680950
1.732461
1.746856
1.708549
1.712967
1.703778
1.708282
1.714581
1.731417
1.727680
1.690667
1.707232
1.710986
1.745861
1.718746
1.705534
1.717287
1.725109
1.724839
1.717881
1.705583
1.707948
1.706678
1.740832
1.718186
1.695352
1.714301
1.719092
1.715819
1.739125
1.698326
1.709239
1.684165
1.721077
1.724142
1.762363
1.703797
1.726315
1.707316
1.722887
1.700764
1.699754
1.700537
1.705915
1.705318
1.711220
1.720774
1.732064
1.737948
1.715814
1.723098
1.724158
1.719076
1.692101
1.739450
1.725949
1.717872
1.686569
1.719743
1.695866
1.707469
1.684762
1.725140
1.692506
1.742310
1.703537
1.717493
1.754743
1.722562
1.718751
1.712394
1.713007
1.711195
1.712992
1.700169
1.725849
1.730716
1.709448
1.710096
1.739712
1.728802
1.712343
1.706627
1.729505
1.703564
1.681872
1.710232
1.731640
1.717022
1.721135
1.723826
1.737741
1.713527
1.715351
1.706740
1.704169
1.709742
1.691290
1.712077
1.711479
1.714622
1.705570
1.720004
1.728448
1.711450
1.701732
1.701124
1.727687
1.718753
1.738119
1.725601
1.707905
1.736763
1.721851
1.689968
1.703319
1.720845
1.728596
1.710753
1.732417
1.707376
1.713587
1.708140
1.739277
1.702803
1.714526
1.720759
1.712035
1.733122
1.716860
1.731725
1.709116
1.736729
1.721870
1.732654
1.758831
1.735419
1.723801
1.711922
1.737912
1.716618
1.708409
1.689867
1.703016
1.745811
1.704304
1.737173
1.747263
1.712952
1.757382
1.721573
1.692562
1.727554
1.717612
1.707216
1.716843
1.716670
1.731772
1.677797
1.716633
1.716460
1.730494
1.692049
1.716948
1.693871
1.707746
1.704883
1.719488
1.679362
1.719670
1.730238
1.694905
1.715977
1.724780
1.711982
1.728888
1.702498
1.722035
1.719101
1.718277
1.736736
