1.711040
1.714044
1.713909
1.722954
1.717251
1.711454
1.715286
1.719406
1.719185
1.708939
1.713400
1.728989
1.713305
1.719215
1.712915
1.720885
1.714264
1.719197
1.725136
1.717114
1.719818
1.720528
1.721534
1.728062
1.707908
1.726991
1.716689
1.715594
1.718382
1.709020
1.714068
1.709451
1.728245
1.729222
1.717444
1.711757
1.713704
1.720360
1.715920
1.709828
1.722859
1.714119
1.709396
1.717354
1.719720
1.711425
1.730105
1.719493
1.720502
1.708853
1.707284
1.722287
1.716088
1.707273
1.723796
1.715498
1.718103
1.723321
1.708367
1.711073
1.722395
1.714476
1.696085
1.714965
1.719316
1.723678
1.712774
1.715789
1.713640
1.716995
1.739622
1.720736
1.721163
1.721578
1.707208
1.717990
1.726010
1.715500
1.705936
1.726092
1.711531
1.720140
1.719293
1.721859
1.716378
1.714255
1.704605
1.719914
1.720842
1.707155
1.735015
1.736108
1.724873
1.720213
1.726894
1.720586
1.716560
1.721918
1.710009
1.726992
1.699393
1.715367
1.726296
1.717230
1.717081
1.726851
1.715703
1.719778
1.721534
1.723929
1.723224
1.717327
1.713317
1.718209
1.714575
1.723177
1.719140
1.718660
1.726059
1.709998
1.714009
1.722069
1.711138
1.711329
1.730868
1.713059
1.715094
1.719693
1.720986
1.725354
1.716311
1.718261
1.721242
1.718155
1.723227
1.705422
1.712230
1.726018
1.710717
1.702333
1.720997
1.718810
1.715479
1.707270
1.724837
1.714928
1.721924
1.714792
1.721512
1.717921
1.717881
1.731232
1.723194
1.719571
1.708745
1.724078
1.719798
1.709829
1.712427
1.724465
1.709271
1.726267
1.719679
1.725527
1.703935
1.726626
1.722275
1.724867
1.726864
1.717962
1.709824
1.712634
1.723006
1.711155
1.726943
1.711378
1.723983
1.718907
1.709569
1.715275
1.721071
1.717094
1.732657
1.720919
1.709732
1.720615
1.730548
1.718836
1.721358
1.720549
1.717635
1.715693
1.716922
1.725703
1.706705
1.709255
1.729798
1.730509
1.719165
1.706778
1.720923
1.718557
1.706723
1.710710
1.726871
1.718761
1.716656
1.720706
1.722578
1.719945
1.723817
1.714586
1.719561
1.719130
1.708932
1.713402
1.723214
1.708699
1.718024
1.723298
1.717810
1.701694
1.713435
1.714806
1.715784
1.718596
1.727897
1.709822
1.721019
1.703856
1.718007
1.710047
1.724756
1.734572
1.712681
1.724614
1.711260
1.717043
1.729206
1.701222
1.715646
1.727934
1.722761
1.715780
1.705387
1.726411
1.723518
1.712549
1.720297
1.720344
1.712163
1.723214
1.713866
1.715735
1.704846
1.710514
1.719054
1.729595
1.718099
1.715247
1.719935
1.719785
1.726096
1.718872
1.721305
1.717962
1.722756
1.714185
1.721250
1.721639
1.714922
1.725047
1.720296
1.726002
1.705992
1.719486
1.726142
1.718182
1.715980
1.716665
1.732242
1.712551
1.720605
1.726485
1.720200
1.714171
1.725804
1.740739
1.700676
1.726495
1.728997
1.699370
1.713410
1.711355
1.716225
1.726362
1.715597
1.719068
1.724479
1.716643
1.707515
1.714706
1.712705
1.723544
1.720402
1.722415
1.707252
1.725067
1.705653
1.722021
1.710373
1.705954
1.711761
1.714847
1.721034
1.713700
1.720633
1.717436
1.732069
1.714608
1.721417
1.721064
1.707317
1.723392
1.703715
1.709283
1.726761
1.727286
1.703449
1.710613
1.712309
1.727609
1.724229
1.722393
1.704457
1.725477
1.701016
1.719399
1.720177
1.716840
1.720878
1.714104
1.728801
1.722263
1.714845
1.715315
1.708135
1.715716
1.716554
1.709415
1.726251
1.725090
1.709123
1.720700
1.722649
1.721069
1.709826
1.711246
1.728752
1.726969
1.702478
1.718498
1.722392
1.717402
1.714865
1.706407
1.718527
1.723075
1.712563
1.718664
1.722615
1.739196
1.722328
1.713029
1.716239
1.704526
1.723787
1.721167
1.706252
1.726859
1.712698
1.715607
1.714904
1.712565
1.710591
1.713131
1.722160
1.730885
1.712307
1.726342
1.718493
1.715039
1.709007
1.694691
1.723604
1.719050
1.708312
1.720668
1.717654
1.718493
1.731117
1.712717
1.708182
1.716308
1.712986
1.728578
1.720309
1.719442
1.715565
1.710446
1.716158
1.712530
1.714320
1.699420
1.707316
1.711878
1.712851
1.731623
1.711055
1.722340
1.713284
1.715676
1.720576
1.718437
1.723006
1.724858
1.722344
1.717490
1.720131
1.710918
1.710753
1.727233
1.718837
1.723825
1.713045
1.717138
1.724694
1.720866
1.724006
1.721234
1.726690
1.714130
1.700741
1.722027
1.715089
1.705794
1.719208
1.719088
1.742323
1.709993
1.718035
1.716596
1.721339
1.718854
1.717095
1.715221
1.722661
1.713114
1.715138
1.719875
1.720907
1.717897
1.729365
1.717671
1.719238
1.707371
1.725696
1.705189
1.702273
1.720822
1.711653
1.714497
1.719071
1.711679
1.713853
1.703521
1.717962
1.719762
1.710842
1.713966
1.718725
1.712054
1.720094
1.723525
1.710566
1.721482
1.715424
1.726964
1.713883
1.697649
1.717576
1.720385
1.717257
1.717896
1.724513
1.707422
1.738908
1.709517
1.703986
1.719784
1.730821
1.724323
1.712399
1.731346
1.727969
1.710381
1.713007
1.710480
1.711073
1.720037
1.724146
1.716499
1.722781
1.724652
1.724601
1.723275
1.720439
1.720620
1.721585
1.716707
1.711545
1.720201
1.713532
1.704879
1.716881
1.713326
1.729936
1.718902
1.732643
1.701186
1.714979
1.709255
1.716534
1.720304
1.722322
1.731725
1.720970
1.713291
1.718038
1.707586
1.726006
1.728300
1.727204
1.722269
1.732788
1.710736
1.710414
1.716629
1.715517
1.718601
1.718648
1.715761
1.725855
1.724141
1.723951
1.709342
1.719794
1.719253
1.723795
1.726766
1.729716
1.722315
1.723002
1.728877
1.725061
1.719952
1.713961
1.711847
1.704184
1.725439
1.712989
1.729100
1.722351
1.698593
1.707350
1.726508
1.714909
1.708672
1.715270
1.710398
1.715489
1.707579
1.707078
1.717926
1.711409
1.734293
1.721645
1.712426
1.733042
1.712403
1.720236
1.718927
1.714421
1.700722
1.723403
1.710503
1.721152
1.715886
1.728212
1.715407
1.725170
1.739643
1.720740
1.718649
1.718007
1.709962
1.724903
1.720608
1.723154
1.712077
1.712205
1.706537
1.717180
1.709515
1.719422
1.713240
1.716538
1.717989
1.708910
1.708556
1.720947
1.727110
1.713129
1.718984
1.712288
1.715604
1.721203
1.712147
1.711523
1.723160
1.707808
1.721558
1.727456
1.708709
1.713907
1.718322
1.732983
1.719324
1.718677
1.724483
1.718267
1.716041
1.717639
1.721974
1.712236
1.707605
1.715868
1.724194
1.716450
1.721547
1.715812
1.712856
1.720003
1.720005
1.724614
1.710253
1.716045
1.717604
1.705699
1.733029
1.717859
1.731817
1.724501
1.711572
1.708984
1.734606
1.730512
1.717791
1.712609
1.715029
1.719563
1.708081
1.712410
1.719147
1.722757
1.718515
1.712868
1.708776
1.722769
1.709618
1.706411
1.709722
1.722293
1.724146
1.714206
1.714690
1.706357
1.736765
1.714075
1.720534
1.724865
1.727091
1.714232
1.721847
1.719462
1.719823
1.706982
1.715266
1.708400
1.720653
1.722520
1.717919
1.707219
1.722261
1.722374
1.715849
1.722765
1.725860
1.730426
1.706101
1.714512
1.718141
1.720254
1.725196
1.715965
1.726063
1.720216
1.712357
1.707888
1.723380
1.732639
1.706392
1.718615
1.711534
1.709549
1.713466
1.711743
1.720751
1.717072
1.720297
1.715002
1.706065
1.693043
1.724659
1.730689
1.707590
1.704608
1.703915
1.712582
1.718741
1.703815
1.707970
1.712716
1.731857
1.714513
1.702300
1.716383
1.732519
1.715571
1.725148
1.733387
1.711340
1.720185
1.711874
1.713923
1.731436
1.727762
1.723692
1.724392
1.714772
1.717347
1.699196
1.711558
1.727217
1.700789
1.722974
1.719156
1.715403
1.724384
1.720959
1.706950
1.709360
1.712746
1.720071
1.713207
1.716821
1.721767
1.724529
1.721216
1.729293
1.719070
1.729440
1.703198
1.741570
1.720253
1.722929
1.721198
1.718816
1.701926
1.728031
1.715381
1.737506
1.710036
1.716679
1.709883
1.713950
1.730066
1.708243
1.715132
1.712075
1.703142
1.722890
1.721925
1.730420
1.713299
1.706423
1.716378
1.712847
1.727877
1.713339
1.723469
1.718920
1.703551
1.720570
1.714592
1.723881
1.720576
1.709027
1.697058
1.725197
1.715248
1.713913
1.727429
1.718899
1.714567
1.718968
1.721577
1.727407
1.719116
1.718762
1.712224
1.719093
1.711840
1.732293
1.707160
1.711736
1.726548
1.714754
1.734384
1.716392
1.716600
1.743206
1.714936
1.704245
1.709584
1.713448
1.706271
1.715653
1.714431
1.715953
1.709769
1.714135
1.709368
1.713400
1.712722
1.717899
1.698687
1.715554
1.708309
1.710953
1.727005
1.717597
1.721401
1.720574
1.722641
1.726577
1.731567
1.721310
1.719449
1.722251
1.728025
1.726969
1.714904
1.716500
1.703668
1.723766
1.717560
1.729924
1.713782
1.725596
1.717822
1.714871
1.714024
1.717327
1.718670
1.708728
1.726335
1.708038
1.725721
1.709247
1.710902
1.724976
1.729228
1.733673
1.722226
1.738729
1.707871
1.717615
1.722589
1.701893
1.715597
1.706893
1.714846
1.726617
1.728462
1.723842
1.721071
1.714481
1.724650
1.723932
1.713639
1.718196
1.720910
1.708169
1.709752
1.721108
1.729353
1.700362
1.702070
1.708331
1.720410
1.722512
1.709573
1.705428
1.725395
1.720783
1.732561
1.721865
1.723621
1.730084
1.721338
1.713135
1.728322
1.711987
1.709595
1.724729
1.719741
1.719429
1.721809
1.715835
1.720361
1.731172
1.709521
1.727662
1.717593
1.716768
1.722885
1.725095
1.713036
1.721936
1.707059
1.710146
1.715288
1.713104
1.715345
1.719958
1.722112
1.731012
1.716608
1.708241
1.714611
1.720998
1.716794
1.722509
1.700280
1.733508
1.731046
1.705150
1.719292
1.720102
1.719919
1.722722
1.725024
1.725247
1.711429
1.709111
1.725545
1.714075
1.713918
1.708527
1.715210
1.709483
1.703776
1.719803
1.714598
1.717285
1.727788
1.716169
1.721226
1.729616
1.721387
1.728578
1.713816
1.714255
1.715208
1.710123
1.718689
1.726744
1.715932
1.713349
1.729327
1.723497
1.713366
1.720027
1.714527
1.701895
1.726519
1.726376
1.718601
1.712957
1.713529
1.724028
1.721619
1.712814
1.728180
1.718337
1.715579
1.726215
1.723496
1.713657
1.726187
1.719880
1.713821
1.720671
1.720117
1.713358
1.730031
1.716223
1.718910
1.723619
1.711252
1.721472
1.727291
1.711064
1.723865
1.717829
1.704442
1.701454
1.725833
1.713856
1.722727
1.729618
1.732714
1.717167
1.716099
1.722259
1.704528
1.727264
1.714720
1.708993
1.716802
1.715763
1.723298
1.714882
1.723540
1.724226
1.711763
1.729147
1.732935
1.713948
1.701750
1.705574
1.714049
1.713033
1.725153
1.723285
1.736558
1.712642
1.716066
1.718203
1.732246
1.714669
1.716215
1.723110
1.714083
1.719626
1.714308
1.721244
1.713315
1.726833
1.720457
1.728448
1.725214
1.715538
1.710710
1.723465
1.721570
1.711935
1.726144
1.710532
1.709760
1.716081
1.716702
1.708782
1.710183
1.709733
1.709513
1.711801
1.712368
1.718484
1.716532
1.720001
1.713401
1.718871
1.716808
1.713098
1.727338
1.725937
1.723017
1.725901
1.715777
1.716180
1.718174
1.720779
1.712829
1.729775
1.713379
1.714932
1.724405
1.707408
1.702097
1.705080
1.726545
1.716112
1.725966
1.724219
1.714213
1.707207
1.709539
1.718970
1.722581
1.708873
1.711772
1.708119
1.717142
1.713858
1.708016
1.720666
1.724309
1.718925
1.715399
1.728394
1.724925
1.720174
1.712079
1.710646
1.719131
1.713104
1.720847
1.722351
1.726830
1.721543
1.731629
1.723683
1.722688
1.707514
1.725223
1.722464
1.726254
1.728125
1.713916
1.726961
1.741380
1.719909
1.722488
1.715833
1.702253
1.717551
1.709015
1.725643
1.722637
1.715318
1.722672
1.710418
1.729775
1.724281
1.723965
1.724795
1.715398
1.721555
1.724879
1.714379
1.705385
1.703863
1.724857
1.714358
1.713582
1.723755
1.715083
1.716021
1.711033
1.711878
1.708155
1.721226
1.719397
1.735422
1.730256
1.734246
1.716681
1.717947
1.713102
1.705886
1.716822
1.722379
1.725834
1.711221
1.719116
1.729244
1.717783
1.727906
1.727086
1.717971
1.708173
1.735088
1.709397
1.723506
1.716645
1.715815
1.722919
1.726763
1.714779
1.712416
1.715281
1.714025
1.705591
1.714545
1.700991
1.728008
1.720091
1.713065
1.727638
1.726349
1.730172
1.698834
1.714303
1.723246
1.719840
1.705237
1.711060
1.722199
1.714277
1.727896
1.714167
1.720501
1.723924
1.718460
1.710953
1.725940
1.719260
1.710546
1.712464
1.709008
1.725200
1.711673
1.715985
1.704104
1.714643
1.707030
1.722316
1.719316
1.713050
1.722609
1.726093
1.722171
1.712870
1.726776
1.722583
1.708976
1.728310
1.730142
1.716646
1.714124
1.719040
1.720926
1.717667
1.710997
1.717503
1.715474
1.714923
1.717371
1.722687
1.705571
1.732981
1.725937
1.737163
1.718054
1.725595
1.706890
1.709275
1.716948
1.722596
1.713475
1.714413
1.717733
1.713655
1.716108
1.727959
1.720556
1.710585
1.710955
1.724319
1.707721
1.712278
1.715499
1.721007
1.725361
1.721608
1.724934
1.714047
1.718639
1.727757
1.730087
1.726065
1.715882
1.710948
1.715863
1.725382
1.715355
1.725887
1.726916
1.724266
1.732868
1.716082
1.707355
1.703683
1.707611
1.721501
1.707769
1.710677
1.718156
1.710540
1.730441
1.722711
1.707648
1.719685
1.718165
1.716018
1.722532
1.732554
1.717822
1.712054
1.716941
1.721248
1.717817
1.722930
1.722131
1.722299
1.717500
1.713440
1.723941
1.725002
1.717481
1.716001
1.711158
1.720333
1.720271
1.713399
1.730914
1.709670
1.728387
1.721740
1.713333
1.701832
1.716971
1.715513
1.708334
1.722207
1.727920
1.735082
1.717948
1.719764
1.717725
1.718705
1.721176
1.717687
1.716037
1.719424
1.729251
1.725473
1.727468
1.723071
1.732947
1.717241
1.716965
1.710427
1.722924
1.712233
1.720494
1.707143
1.711334
1.713384
1.720291
1.705249
1.726613
1.710623
1.728123
1.723093
1.716769
1.722381
1.723057
1.703227
1.707324
1.724458
1.725683
1.718046
1.716815
1.714522
1.721167
1.712658
1.720057
1.707734
1.724547
1.723896
1.722260
1.712401
1.723813
1.723435
1.717104
1.716906
1.708954
1.713364
1.720124
1.709720
1.717351
1.730276
1.709889
1.721222
1.710795
1.716690
1.741758
1.715861
1.709665
1.720574
1.724430
1.730896
1.719021
1.721308
1.717471
1.714298
1.704677
1.718141
1.703431
1.723191
1.721908
1.728260
1.722938
1.715867
1.713066
1.710104
1.719603
1.702216
1.722020
1.720059
1.716326
1.722714
1.724931
1.713094
1.718730
1.719096
1.720501
1.712919
1.713270
1.720338
1.711811
1.727376
1.717641
1.718048
1.721415
1.720983
1.712923
1.727623
1.720983
1.715567
1.719887
1.720481
1.728518
1.727559
1.707610
1.714539
1.711292
1.721885
1.717109
1.712678
1.719577
1.719312
1.701986
1.701624
1.713314
1.708075
1.720895
1.716703
1.716449
1.701892
1.714736
1.714478
1.711716
1.710523
1.715116
1.721101
1.713114
1.733230
1.732474
1.709520
1.697066
1.721898
1.713311
1.708527
1.704319
1.708418
1.712877
1.710392
1.722317
1.715172
1.721131
1.725133
1.699431
1.712971
1.712978
1.702076
1.722345
1.731315
1.717078
1.723821
1.723701
1.729948
1.713538
1.714775
1.717208
1.736569
1.716047
1.719810
1.719797
1.709751
1.709159
1.714695
1.725075
1.734167
1.698927
1.722966
1.729275
1.721302
1.713862
1.722275
1.726651
1.704491
1.719081
1.711390
1.736556
1.715106
1.718163
1.718729
1.712010
1.719667
1.723506
1.713870
1.714476
1.716274
1.724007
1.723757
1.723008
1.708199
1.718887
1.722960
1.719602
1.720217
1.735729
1.721494
1.717572
1.702771
1.722441
1.726257
1.708482
1.724040
1.717912
1.715541
1.719286
1.722884
1.721794
1.712470
1.704055
1.720561
1.710741
1.710240
1.710786
1.730634
1.719882
1.718039
1.705295
1.727828
1.725261
1.728587
1.724718
1.724120
1.721455
1.710747
1.725935
1.702955
1.724329
1.712004
1.719372
1.711319
1.716926
1.727120
1.724388
1.731637
1.733162
1.715891
1.720338
1.706959
1.725257
1.733903
1.710304
1.716560
1.715541
1.713293
1.727318
1.723587
1.709636
1.728845
1.715695
1.713601
1.722341
1.721552
1.713065
1.717297
1.706929
1.736407
1.715500
1.705036
1.705984
1.722160
1.724816
1.711890
1.728232
1.726492
1.722940
1.719851
1.715789
1.724835
1.707588
1.699206
1.704802
1.713087
1.720876
1.712673
1.728617
1.717259
1.714368
1.699202
1.715542
1.719138
1.719765
1.719610
1.720184
1.718920
1.715711
1.728389
1.717869
1.710863
1.723943
1.724750
1.724531
1.702032
1.736942
1.724377
1.725889
1.731131
1.728038
1.713829
1.714144
1.714449
1.712955
1.723238
1.723625
1.712780
1.714042
1.722840
1.723812
1.705710
1.718234
1.710987
1.713593
1.714063
1.712676
1.710902
1.715325
1.727843
1.714334
1.717530
1.720237
1.714220
1.714714
1.721603
1.712789
1.722572
1.731326
1.690667
1.714505
1.712885
1.708168
1.724222
1.710887
1.712356
1.711893
1.729597
1.710718
1.717953
1.724221
1.710265
1.717914
1.704962
1.711907
1.728785
1.719238
1.713602
1.714519
1.727676
1.726100
1.746862
1.721821
1.726840
1.711444
1.722430
1.710098
1.717380
1.714001
1.712660
1.712651
1.717811
1.712103
1.720861
1.726353
1.706843
1.723841
1.716491
1.712242
1.711462
1.712600
1.730668
1.713981
1.720810
1.701864
1.717041
1.728923
1.731172
1.719331
1.722373
1.721081
1.712913
1.717814
1.718413
1.713621
1.722374
1.718920
1.712245
1.713776
1.719597
1.722796
1.717950
1.717569
1.718228
1.721193
1.718192
1.723290
1.715909
1.724498
1.721105
1.722871
1.731665
1.714811
1.715699
1.723721
1.708291
1.732153
1.715330
1.716579
1.720255
1.714716
1.719694
1.715195
1.725420
1.724482
1.720493
1.726369
1.717529
1.719605
1.719962
1.726193
1.722444
1.718420
1.717028
1.709833
1.712659
1.716676
1.710782
1.731661
1.717452
1.722067
1.712624
1.715466
1.710164
1.707442
1.718072
1.716747
1.729491
1.724050
1.719599
1.719871
1.728032
1.712984
1.725678
1.721318
1.712482
1.708574
1.712246
1.727211
1.721236
1.725336
1.718760
1.704515
1.716492
1.713979
1.715452
1.715163
1.734022
1.724808
1.708100
1.706209
1.718093
1.733626
1.707360
1.723954
1.714688
1.722969
1.716364
1.700541
1.721742
1.713471
1.720014
1.720883
1.722055
1.736597
1.721317
1.724038
1.723534
1.721610
1.710690
1.717871
1.707381
1.725384
1.730672
1.715827
1.710358
1.716822
1.726765
1.720142
1.713187
1.729786
1.709796
1.713136
1.716049
1.705100
1.717762
1.735585
1.714772
1.713797
1.713679
1.707705
1.730821
1.718951
1.718018
1.729501
1.721044
1.719977
1.720513
1.712217
1.737581
1.718050
1.721599
1.731823
1.722069
1.728131
1.709615
1.702780
1.722482
1.713312
1.731937
1.709364
1.716025
1.709627
1.718415
1.718789
1.720871
1.708189
1.728917
1.726145
1.725659
1.724518
1.730767
1.714185
1.721421
1.727471
1.708598
1.716370
1.722615
1.725297
1.722620
1.717010
1.719265
1.710204
1.729139
1.728291
1.718955
1.720383
1.730583
1.721713
1.724164
1.718451
1.718694
1.727646
1.708301
1.722476
1.709601
1.729679
1.709802
1.705504
1.718969
1.723625
1.717272
1.730567
1.721387
1.720502
1.719774
1.728424
1.724882
1.731384
1.707608
1.734352
1.718485
1.736608
1.726748
1.716306
1.728080
1.710774
1.719163
1.715792
1.718548
1.717094
1.720493
1.718778
1.725618
1.709571
1.710350
1.718886
1.718250
1.713555
1.723381
1.718695
1.705189
1.725596
1.712978
1.718108
1.714884
1.713711
1.729139
1.710953
1.716858
1.720804
1.731054
1.709337
1.723783
1.728459
1.718820
1.717921
1.728345
1.729558
1.706679
1.711244
1.721530
1.714746
1.720970
1.731204
1.708278
1.717491
1.715689
1.703915
1.728164
1.711208
1.720700
1.736322
1.726384
1.702028
1.720588
1.708604
1.714367
1.720405
1.711480
1.723127
1.726998
1.733708
1.718271
1.710613
1.730916
1.721983
1.719731
1.708531
1.723036
1.718707
1.719046
1.714544
1.712922
1.720803
1.711991
1.713106
1.713893
1.720629
1.720053
1.713274
1.711032
1.722054
1.716555
1.719877
1.727343
1.720458
1.709044
1.705329
1.722199
1.719081
1.719858
1.709881
1.721158
1.726208
1.712324
1.732663
1.720161
1.725778
1.702455
1.726799
1.713637
1.723905
1.721148
1.719697
1.720345
1.715733
1.714185
1.718237
1.709785
1.725538
1.719074
1.732740
1.717862
1.727488
1.719294
1.712918
1.727806
1.716279
1.719460
1.719082
1.731238
1.713669
1.713264
1.728134
1.717176
1.721009
1.709249
1.713344
1.708518
1.720571
1.717161
1.713559
1.732224
1.711112
1.714000
1.711843
1.727710
1.710724
1.731168
1.725366
1.718073
1.713555
1.712621
1.716707
1.720244
1.720274
1.725272
1.730318
1.716934
1.705623
1.717854
1.724972
1.714532
1.715251
1.715794
1.709684
1.724138
1.720977
1.721514
1.707317
1.718944
1.717367
1.728573
1.721687
1.720393
1.732896
1.724590
1.718258
1.726723
1.723955
1.709344
1.729029
1.709700
1.730010
1.727702
1.734973
1.719954
1.716392
1.716103
1.730290
1.724939
1.715796
1.709720
1.721263
1.722821
1.725176
1.723097
1.710023
1.708543
1.725461
1.722768
1.726884
1.707677
1.709488
1.721830
1.716470
1.721105
1.721762
1.721852
1.717123
1.707104
1.723338
1.722001
1.705470
1.724166
1.722321
1.725236
1.734067
1.723198
1.725877
1.720776
1.712722
1.723879
1.711974
1.700740
1.728470
1.715969
1.720430
1.723166
1.716425
1.720889
1.725362
1.720692
1.708412
1.730365
1.709490
1.711810
1.718144
1.703352
1.716404
1.716733
1.702573
1.733679
1.711958
1.716167
1.708699
1.714924
1.729467
1.715008
1.720641
1.717494
1.714031
1.724004
1.714974
1.725984
1.707581
1.712216
1.724914
1.710467
1.712370
1.715739
1.714415
1.708037
1.721199
1.719321
1.721178
1.710477
1.723524
1.714138
1.714424
1.720266
1.721007
1.711827
1.724172
1.715162
1.729706
1.724195
1.711322
1.715253
1.726980
1.715972
1.720146
1.732402
1.713716
1.713453
1.715701
1.732639
1.717107
1.714637
1.713144
1.710068
1.725073
1.735515
1.708940
1.710391
1.724711
1.726144
1.711439
1.705362
1.717433
1.715996
1.724049
1.719538
1.712839
1.733963
1.714180
1.723555
1.719876
1.721418
1.730137
1.718118
1.706168
1.712420
1.711575
1.716955
1.715880
1.716979
1.714892
1.711990
1.707169
1.721546
1.717462
1.728173
1.711969
1.711859
1.714051
1.718527
1.728752
1.708212
1.716214
1.727555
1.717266
1.720063
1.716140
1.727137
1.712707
1.714490
1.715977
1.720202
1.725770
1.702520
1.727655
1.725928
1.713898
1.727198
1.727806
1.714965
1.722523
1.707936
1.719786
1.729635
1.714842
1.731800
1.725553
1.724143
1.707513
1.722556
1.728694
1.725092
1.705834
1.721666
1.711891
1.706135
1.723413
1.698470
1.727239
1.711176
1.713573
1.710484
1.722671
1.720545
1.721727
1.719103
1.717455
1.711632
1.723117
1.711310
1.725512
1.722502
1.716280
1.716765
1.727702
1.720689
1.724709
1.720606
1.729999
1.721269
1.725340
1.712331
1.712818
1.723915
1.700784
1.719365
1.731206
1.718742
1.714286
1.715287
1.722142
1.724302
1.709600
1.709451
1.712029
1.718373
1.720240
1.715217
1.712031
1.733883
1.723364
1.715078
1.713785
1.719195
1.715892
1.712899
1.709720
1.722782
1.712686
1.711665
1.722314
1.733586
1.714957
1.716297
1.713177
1.707585
1.715832
1.718584
1.722139
1.716586
1.700604
1.704720
1.710740
1.714869
1.716237
1.710311
1.730264
1.708416
1.713660
1.712097
1.715615
1.728438
1.726294
1.731421
1.703647
1.701459
1.727955
1.710761
1.705093
1.708576
1.706387
1.721844
1.718627
1.720917
1.722482
1.727473
1.720712
1.725573
1.699859
1.709607
1.707480
1.714080
1.729165
1.706969
1.701641
1.714399
1.720195
1.718451
1.724796
1.718780
1.717865
1.739649
1.729226
1.707650
1.722926
1.704902
1.717802
1.727075
1.718334
1.724174
1.730396
1.724282
1.727160
1.721874
1.724201
1.717437
1.709248
1.711635
1.722760
1.732958
1.705326
1.712660
1.726517
1.721651
1.725806
1.723546
1.703730
1.717250
1.719016
1.708057
1.716887
1.723899
1.715113
1.723017
1.721240
1.706223
1.712667
1.706320
1.718539
1.725019
1.720234
1.715124
1.715979
1.717649
1.723019
1.722089
1.710985
1.726403
1.719840
1.716475
1.726507
1.727321
1.721136
1.704833
1.719369
1.710457
1.716472
1.713155
1.723055
1.704509
1.725208
1.714514
1.709141
1.721857
1.718353
1.718411
1.711141
1.707714
1.727845
1.714320
1.702881
1.725502
1.720536
1.718843
1.702412
1.711180
1.724584
1.713837
1.717431
1.722014
1.713010
1.710192
1.724057
1.709001
1.707367
1.716368
1.712324
1.727097
1.708996
1.719786
1.715951
1.720110
1.723608
1.737194
1.722563
1.711776
1.725423
1.724768
1.714585
1.710665
1.708340
1.702869
1.715198
1.717037
1.724037
1.720481
1.720858
1.725474
1.744484
1.723497
1.706488
1.715526
1.711702
1.713167
1.715947
1.714791
1.711829
1.713514
1.717549
1.713866
1.699695
1.713272
1.715841
1.716457
1.718326
1.718875
1.727884
1.734635
1.709682
1.719413
1.717288
1.732993
1.724602
1.714634
1.728636
1.731510
1.706650
1.701545
1.735668
1.720322
1.716353
1.713779
1.719840
1.734645
1.720400
1.723810
1.715567
1.735137
1.718882
1.714823
1.713305
1.699845
1.723492
1.714001
1.718589
1.717689
1.719187
1.720125
1.714951
1.704839
1.716551
1.721090
1.710951
1.729840
1.722243
1.717881
1.710888
1.720797
1.719495
1.720856
1.731633
1.713530
1.714898
1.718491
1.720514
1.715644
1.712217
1.712495
1.731634
1.722414
1.735411
1.731214
1.729307
1.718536
1.718826
1.716595
1.728921
1.713709
1.726535
1.723565
1.724113
1.717523
1.697771
1.718010
1.709564
1.710865
1.729550
1.711373
1.705022
1.707063
1.714803
1.707177
1.709947
1.710126
1.715360
1.713039
1.721035
1.703356
1.725910
1.712123
1.716762
1.726516
1.717039
1.723898
1.723108
1.723962
1.723961
1.727364
1.717847
1.718432
1.714623
1.729836
1.713027
1.713685
1.714786
1.723092
1.721877
1.715885
1.732507
1.716408
1.702916
1.712026
1.700146
1.733297
1.731453
1.731037
1.726081
1.721362
1.724046
1.718069
1.718694
1.699214
1.719785
1.722752
1.714109
1.723710
1.717965
1.718550
1.696757
1.724053
1.719977
1.732444
1.709334
1.704611
1.714264
1.719925
1.721006
1.712568
1.716268
1.715712
1.723565
1.711219
1.719556
1.728906
1.722204
1.710336
1.705923
1.713367
1.722735
1.726211
1.714996
1.723175
1.723611
1.710282
1.720042
1.721848
1.707245
1.722193
1.720846
1.719167
1.729712
1.725113
1.713190
1.705038
1.724260
1.717202
1.718941
1.721556
1.713331
1.718515
1.722700
1.729011
1.727248
1.704694
1.720238
1.706678
1.727311
1.721606
1.714451
1.723465
1.719552
1.714717
1.731894
1.717730
1.718416
1.721516
1.718720
1.716541
1.720048
1.704892
1.723731
1.719277
1.704259
1.730759
1.717751
1.720685
1.730647
1.722258
1.724100
1.718647
1.720731
1.720633
1.710677
1.714512
1.718654
1.717416
1.717250
1.697452
1.720839
1.720738
1.717139
1.711466
1.730829
1.716451
1.716551
1.729942
1.714019
1.727198
1.713099
1.716676
1.704075
1.714362
1.718969
1.718016
1.718004
1.724760
1.719693
1.722941
1.718983
1.716229
1.721867
1.724918
1.708704
1.702156
1.719357
1.709039
1.717501
1.725125
1.722502
1.722599
1.721015
1.718393
1.703649
1.711946
1.725093
1.721865
1.699858
1.724428
1.706417
1.709621
1.728650
1.714733
1.718105
1.723302
1.712496
1.719512
1.706259
1.723696
1.713091
1.722012
1.718050
1.717699
1.727291
1.715463
1.725061
1.742422
1.729939
1.707459
1.716019
1.724301
1.733127
1.713817
1.718982
1.702268
1.718154
1.720093
1.718732
1.707799
1.718604
1.722640
1.701943
1.711072
1.718557
1.720185
1.722036
1.704631
1.714590
1.712108
1.718900
1.717295
1.706675
1.718905
1.720120
1.726014
1.719494
1.703740
1.720807
1.710587
1.731567
1.720341
1.710517
1.719249
1.715608
1.722736
1.730947
1.715041
1.728800
1.724706
1.709192
1.716967
1.728124
1.726710
1.712815
1.712032
1.714787
1.724635
1.707231
1.710208
1.714268
1.716708
1.714399
1.711713
1.722099
1.706708
1.715257
1.721176
1.720323
1.723639
1.718724
1.708682
1.717285
1.717151
1.721393
1.717236
1.719188
1.714348
1.722421
1.716588
1.717681
1.728868
1.721515
1.719046
1.723448
1.721096
1.707705
1.710469
1.707577
1.714748
1.719229
1.708643
1.719000
1.702954
1.710441
1.705653
1.715595
1.708520
1.715316
1.717604
1.715407
1.720905
1.711895
1.724182
1.717528
1.727729
1.715850
1.709832
1.713428
1.718331
1.721557
1.706661
1.716133
1.708536
1.722511
1.721288
1.727977
1.723964
1.727637
1.717840
1.726387
1.718760
1.713651
1.728159
1.728007
1.726215
1.719849
1.726959
1.717790
1.705277
1.720105
1.703841
1.723403
1.722831
1.714197
1.713001
1.722260
1.709793
1.720669
1.714165
1.709418
1.717638
1.721389
1.726906
1.717244
1.715489
1.717187
1.709864
1.723823
1.720762
1.715429
1.722625
1.708814
1.715782
1.713036
1.714515
1.717486
1.716246
1.716075
1.709238
1.711724
1.722278
1.725291
1.721443
1.725963
1.716642
1.730523
1.719405
1.709504
1.714973
1.703758
1.723729
1.710782
1.717075
1.708433
1.738146
1.713902
1.738261
1.725398
1.715977
1.722692
1.724386
1.740856
1.721161
1.709684
1.722874
1.709852
1.720171
1.716278
1.717533
1.718487
1.708497
1.713975
1.720141
1.730879
1.715936
1.732702
1.717372
1.718878
1.719262
1.718168
1.721826
1.718730
1.724800
1.724475
1.715822
1.724609
1.705564
1.718205
1.719947
1.732200
1.719599
1.723847
1.726798
1.714593
1.708394
1.720013
1.719492
1.717075
1.710898
1.730015
1.706440
1.705406
1.721913
1.716510
1.741093
1.721325
1.727656
1.721962
1.715886
1.726623
1.711293
1.719476
1.712939
1.711790
1.716683
1.721104
1.723097
1.721505
1.712288
1.725474
1.722553
1.713261
1.725474
1.707418
1.733368
1.714891
1.706022
1.712215
1.704333
1.703330
1.701806
1.718982
1.719086
1.719447
1.705517
1.715804
1.713570
1.713148
1.707667
1.720400
1.723982
1.701636
1.719503
1.717671
1.726508
1.713349
1.715763
1.720184
1.722407
1.706815
1.722040
1.713439
1.725625
1.711563
1.717552
1.734245
1.722546
1.712797
1.715809
1.712752
1.723809
1.712295
1.712251
1.724577
1.730986
1.723482
1.711818
1.714793
1.698327
1.713160
1.726383
1.722145
1.716988
1.709908
1.722249
1.716995
1.702667
1.736669
1.718199
1.724581
1.710911
1.724185
1.719787
1.721308
1.722005
1.709385
1.717197
1.713594
1.707313
1.721731
1.716796
1.722893
1.709670
1.716385
1.732961
1.719067
1.724591
1.713812
1.717198
1.718767
1.714603
1.719369
1.722224
1.718578
1.722080
1.740310
1.717686
1.712062
1.716628
1.729017
1.733265
1.707507
1.727882
1.719214
1.720991
1.717272
1.736080
1.718128
1.722713
1.703259
1.722143
1.717096
1.709483
1.726066
1.721144
1.704551
1.703780
1.714526
1.712594
1.706169
1.727983
1.722708
1.718275
1.714920
1.730169
1.717141
1.723916
1.710100
1.734520
1.720179
1.711922
1.731680
1.712465
1.719985
1.720398
1.730136
1.719632
1.734946
1.719491
1.711556
1.714747
1.720154
1.722994
1.724022
1.721934
1.713677
1.710684
1.720125
1.714587
1.729000
1.724040
1.723803
1.717042
1.702378
1.721597
1.712901
1.708171
1.713589
1.737302
1.736420
1.728906
1.712662
1.711177
1.735703
1.735007
1.720466
1.727199
1.703942
1.729235
1.717820
1.718419
1.719639
1.710518
1.712897
1.722459
1.723568
1.714193
1.716867
1.722284
1.708668
1.715625
1.715213
1.722534
1.721815
1.726888
1.723955
1.716340
1.714508
1.721606
1.712966
1.727049
1.718166
1.727657
1.717365
1.724671
1.719976
1.729169
1.714195
1.708121
1.714111
1.710890
1.725333
1.706465
1.721152
1.716060
1.714780
1.716226
1.702235
1.740782
1.730710
1.720717
1.723020
1.722234
1.702877
1.724883
1.726554
1.712145
1.712534
1.715670
1.719418
1.720280
1.707445
1.716536
1.708428
1.715095
1.717038
1.723133
1.727702
1.734927
1.702213
1.722808
1.722465
1.707506
1.720957
1.719463
1.712944
1.712009
1.718330
1.722088
1.728269
1.720381
1.711658
1.720313
1.730266
1.721526
1.716607
1.712505
1.710986
1.721114
1.703947
1.728103
1.724500
1.718755
1.721999
1.718382
1.715952
1.726885
1.720246
1.708604
1.721192
1.715983
1.734703
1.722791
1.713474
1.707320
1.722241
1.707294
1.726906
1.713375
1.724954
1.722225
1.721441
1.714762
1.717887
1.730266
1.703432
1.731827
1.716109
1.720085
1.717849
1.717759
1.721437
1.732234
1.723983
1.723238
1.730062
1.709785
1.714780
1.711303
1.704447
1.709370
1.726523
1.711315
1.721559
1.721510
1.711896
1.702035
1.718177
1.716912
1.728168
1.701628
1.714838
1.716951
1.705355
1.715028
1.720256
1.722990
1.712541
1.714388
1.711726
1.720138
1.716302
1.707459
1.708285
1.721421
1.722417
1.722309
1.714926
1.729425
1.717079
1.742029
1.698227
1.731136
1.719449
1.725488
1.708496
1.724640
1.718659
1.716730
1.716629
1.710353
1.716701
1.722486
1.714440
1.714841
1.719868
1.726182
1.725985
1.722456
1.722795
1.725890
1.710905
1.712119
1.713552
1.719383
1.723116
1.724947
1.724286
1.708364
1.720318
1.714349
1.724834
1.714261
1.718585
1.723807
1.723811
1.720862
1.709538
1.721261
1.723453
1.712240
1.723360
1.729956
1.721168
1.714717
1.713255
1.720040
1.718165
1.728114
1.718558
1.716518
1.716996
1.719427
1.707703
1.713387
1.702707
1.705963
1.729881
1.723067
1.732327
1.706209
1.694468
1.722535
1.720420
1.712431
1.715575
1.714253
1.725776
1.712808
1.700864
1.704606
1.713349
1.716735
1.725674
1.715241
1.711105
1.714540
1.723048
1.714370
1.724480
1.727626
1.716361
1.725980
1.711270
1.721280
1.710617
1.708720
1.727775
1.705515
1.722968
1.729017
1.701510
1.713052
1.712455
1.715358
1.716010
1.714226
1.719807
1.709543
1.721842
1.724963
1.710404
1.710493
1.710897
1.720775
1.703135
1.723242
1.718974
1.722101
1.724144
1.716351
1.721481
1.732891
1.720689
1.714958
1.725696
1.713633
1.720514
1.709046
1.719119
1.728998
1.717109
1.730375
1.731835
1.722518
1.719272
1.719706
1.720383
1.710052
1.716309
1.725713
1.725211
1.720235
1.725739
1.726078
1.722662
1.720287
1.706866
1.722680
1.716527
1.719529
1.713425
1.718396
1.716858
1.719657
1.723301
1.709482
1.721019
1.716442
1.712369
1.725570
1.731698
1.718077
1.724835
1.719221
1.715261
1.721409
1.708524
1.716086
1.729888
1.710325
1.713436
1.720120
1.701595
1.715578
1.713033
1.716987
1.703857
1.729862
1.735019
1.707128
1.721920
1.721238
1.724289
1.714781
1.712606
1.710793
1.729167
1.709958
1.717485
1.714803
1.713374
1.727231
1.704659
1.721173
1.711972
1.713016
1.729036
1.722218
1.729891
1.723469
1.711335
1.713571
1.732342
1.723295
1.720221
1.713943
1.717994
1.724381
1.703947
1.723465
1.724751
1.714070
1.718030
1.716188
1.722137
1.714271
1.705418
1.707158
1.728695
1.721598
1.709251
1.714691
1.719797
1.714670
1.716296
1.726180
1.702527
1.716959
1.716948
1.711776
1.717232
1.708007
1.714382
1.711511
1.704900
1.716172
1.715812
1.714897
1.718270
1.722739
1.711882
1.727365
1.720759
1.731027
1.712874
1.733451
1.724251
1.716159
1.709512
1.710758
1.718046
1.717116
1.688005
1.700371
1.717731
1.719419
1.718443
1.715571
1.726307
1.719301
1.719057
1.718821
1.717111
1.714204
1.707952
1.721019
1.710300
1.713208
1.707887
1.710513
1.728360
1.721725
1.713456
1.707138
1.714208
1.717318
1.725400
1.720858
1.724148
1.721964
1.718138
1.736411
1.724024
1.717234
1.723953
1.723770
1.713512
1.730349
1.724984
1.725687
1.717644
1.725546
1.707811
1.719603
1.721003
1.714067
1.710593
1.722344
1.708082
1.713631
1.721856
1.714641
1.725680
1.718812
1.718845
1.710033
1.702058
1.709974
1.726335
1.717428
1.730473
1.731316
1.725177
1.724802
1.718983
1.723083
1.710227
1.702081
1.714766
1.720763
1.719637
1.704837
1.714298
1.709355
1.727539
1.721162
1.717593
1.721184
1.713926
1.725137
1.719719
1.712661
1.714776
1.715726
1.718766
1.715864
1.731201
1.710311
1.717712
1.715654
1.717640
1.718446
1.713788
1.724808
1.728107
1.715756
1.734081
1.720722
1.713373
1.708987
1.721701
1.717494
1.722342
1.723026
1.716755
1.715764
1.723924
1.713064
1.720149
1.708153
1.724707
1.719153
1.725116
1.707555
1.714439
1.734997
1.737464
1.710619
1.721439
1.720770
1.725172
1.722322
1.721757
1.716687
1.706556
1.713479
1.715199
1.734031
1.731898
1.725096
1.714012
1.716305
1.721567
1.702256
1.729650
1.713945
1.723436
1.720651
1.723261
1.719391
1.708125
1.706118
1.711639
1.722225
1.711015
1.710857
1.710981
1.720798
1.708782
1.718295
1.724834
1.723694
1.726091
1.708626
1.730361
1.717035
1.717987
1.723090
1.713272
1.712594
1.722341
1.737749
1.712875
1.714438
1.700159
1.714428
1.717763
1.715379
1.720620
1.730194
1.711656
1.723172
1.709443
1.708417
1.721881
1.708895
1.714153
1.714215
1.711945
1.728266
1.711638
1.716072
1.713363
1.702509
1.721858
1.725183
1.719733
1.714988
1.717808
1.725485
1.727062
1.722229
1.707068
1.723586
1.721303
1.710903
1.735855
1.712489
1.720888
1.729186
1.711229
1.717444
1.719894
1.725763
1.719339
1.738679
1.733511
1.720879
1.721225
1.725295
1.717916
1.721230
1.707196
1.722332
1.710058
1.702546
1.705744
1.728912
1.717394
1.728018
1.728243
1.717501
1.731395
1.718776
1.725993
1.721345
1.723385
1.709371
1.721012
1.723860
1.713537
1.717244
1.728721
1.715039
1.709743
1.714631
1.718357
1.710457
1.709309
1.704527
1.709145
1.724412
1.717806
1.720870
1.708004
1.700570
1.722450
1.714527
1.724918
1.727707
1.714360
1.703772
1.716662
1.705826
1.728204
1.716758
1.705398
1.711182
1.729570
1.704237
1.715409
1.716931
1.707544
1.719144
1.726510
1.714727
1.707874
1.710800
1.707236
1.717405
1.719804
1.725558
1.725937
1.738833
1.717167
1.734552
1.723205
1.723355
1.715468
1.704641
1.715708
1.725230
1.735234
1.722864
1.726731
1.720958
1.721134
1.711670
1.725399
1.720782
1.709012
1.703703
1.708999
1.720230
1.707391
1.721494
1.728293
1.715454
1.704059
1.715430
1.707621
1.705536
1.725182
1.723718
1.718871
1.721058
1.702221
1.716843
1.718963
1.722062
1.721160
1.721332
1.716131
1.720963
1.725493
1.717716
1.711133
1.720269
1.714453
1.715042
1.714716
1.722316
1.716329
1.723325
1.717599
1.728237
1.707781
1.723048
1.720064
1.722932
1.713891
1.706363
1.729647
1.710541
1.726544
1.699943
1.720085
1.718575
1.735546
1.715030
1.720451
1.711348
1.723796
1.713457
1.717829
1.725507
1.727771
1.720649
1.729360
1.719712
1.719708
1.715227
1.717742
1.721189
1.720799
1.707313
1.719181
1.719227
1.725580
1.714833
1.730896
1.731632
1.718771
1.719442
1.722071
1.720650
1.721600
1.717189
1.709424
1.724538
1.713321
1.721039
1.727445
1.710206
1.734250
1.708116
1.719003
1.704916
1.722776
1.714598
1.720575
1.714113
1.726225
1.711944
1.706623
1.721745
1.703380
1.726243
1.719258
1.721824
1.703436
1.725351
1.730095
1.744016
1.715712
1.722154
1.724438
1.736992
1.718324
1.712997
1.719861
1.729568
1.711357
1.712029
1.713541
1.721331
1.733110
1.713111
1.721350
1.713871
1.724755
1.723046
1.730862
1.711390
1.711703
1.712132
1.707150
1.725053
1.720716
1.719038
1.714511
1.705058
1.706693
1.719391
1.708594
1.719384
1.719780
1.711925
1.712833
1.700394
1.722797
1.706030
1.726916
1.710017
1.715644
1.720428
1.717720
1.733210
1.722840
1.730371
1.710268
1.718098
1.727767
1.714339
1.708657
1.711415
1.710930
1.716040
1.718876
1.714186
1.718662
1.716107
1.729430
1.718674
1.722863
1.703231
1.709994
1.732924
1.716372
1.723891
1.707716
1.721381
1.724163
1.721215
1.717331
1.721259
1.712909
1.714019
1.729815
1.718027
1.721676
1.724730
1.722292
1.710885
1.722964
1.713114
1.718915
1.718872
1.711485
1.719482
1.731477
1.723600
1.709100
1.721459
1.719508
1.710016
1.729983
1.724705
1.735450
1.737556
1.722546
1.727446
1.716725
1.706702
1.713889
1.719736
1.717081
1.727258
1.719088
1.712333
1.719630
1.736167
1.724178
1.713951
1.731916
1.722937
1.714232
1.706591
1.719597
1.721668
1.712280
1.703481
1.707738
1.722052
1.721149
1.726668
1.712750
1.731642
1.722747
1.722783
1.714257
1.720155
1.704784
1.715282
1.724617
1.703598
1.709364
1.715504
1.711313
1.720777
1.719573
1.720421
1.718615
1.729729
1.718580
1.722225
1.717976
1.723719
1.718317
1.719171
1.728846
1.717949
1.722649
1.725569
1.724163
1.722090
1.716803
1.714315
1.707692
1.724573
1.719542
1.723987
1.714641
1.706092
1.723394
1.723091
1.714448
1.715247
1.717859
1.716333
1.722678
1.723171
1.734227
1.718143
1.715196
1.723854
1.718290
1.703901
1.729734
1.720822
1.710308
1.729970
1.712624
1.732141
1.710401
1.704228
1.726794
1.719788
1.715809
1.710778
1.721632
1.728568
1.721658
1.719094
1.728928
1.716887
1.704195
1.722286
1.722956
1.718462
1.712601
1.718193
1.729407
1.731070
1.727481
1.703765
1.720356
1.717945
1.710093
1.714710
1.714990
1.720216
1.708970
1.718602
1.721231
1.718708
1.721961
1.715985
1.706109
1.713879
1.720459
1.714215
1.718538
1.716955
1.717262
1.723084
1.714322
1.711480
1.722865
1.709850
1.706760
1.700299
1.730065
1.712663
1.717706
1.715166
1.732525
1.718521
1.707719
1.722537
1.726130
1.703966
1.712557
1.720827
1.718698
1.723540
1.707957
1.709994
1.728607
1.714958
1.700022
1.712177
1.723920
1.711446
1.720064
1.723578
1.718795
1.717238
1.713179
1.708942
1.713430
1.717269
1.717488
1.714485
1.716173
1.715761
1.724955
1.718336
1.708258
1.721052
1.717085
1.722374
1.726255
1.718784
1.713187
1.714229
1.720280
1.722149
1.713710
1.733382
1.708537
1.721716
1.707399
1.728286
1.720248
1.718967
1.720427
1.721410
1.717267
1.714992
1.706813
1.721897
1.709067
1.724270
1.718909
1.726406
1.716811
1.714400
1.715433
1.719040
1.728484
1.726089
1.724346
1.720876
1.708079
1.728501
1.712708
1.724713
1.725918
1.710490
1.718167
1.724317
1.722556
1.714488
1.707214
1.719388
1.725707
1.718660
1.727735
1.711096
1.724534
1.734722
1.723893
1.719317
1.735544
1.706872
1.720796
1.724353
1.727204
1.713140
1.722554
1.713750
1.703620
1.726155
1.717415
1.731852
1.702218
1.722199
1.722605
1.710753
1.724639
1.712498
1.721726
1.721483
1.724481
1.714629
1.720348
1.727083
1.719521
1.729382
1.714399
1.707800
1.718824
1.712584
1.723719
1.715293
1.724277
1.733806
1.713682
1.722206
1.724735
1.730837
1.710665
1.721924
1.712920
1.717939
1.721489
1.723792
1.720676
1.702679
1.719017
1.726412
1.718041
1.727980
1.717458
1.724812
1.718597
1.702956
1.717029
1.706791
1.714749
1.714568
1.715525
1.727395
1.710059
1.724772
1.719954
1.722780
1.716661
1.717424
1.719019
1.737154
1.718865
1.706445
1.712438
1.716411
1.714967
1.709677
1.719354
1.713306
1.725126
1.703444
1.725849
1.714566
1.717095
1.719634
1.713363
1.716698
1.722913
1.721044
1.724801
1.714687
1.728851
1.718458
1.714363
1.729729
1.702547
1.719837
1.725019
1.718857
1.705527
1.727854
1.725579
1.721019
1.713340
1.719051
1.731618
1.707671
1.720814
1.715076
1.715086
1.729024
1.716691
1.718300
1.727687
1.717721
1.717852
1.703378
1.717453
1.715220
1.727429
1.710376
1.723735
1.729348
1.705624
1.712475
1.709814
1.705214
1.737926
1.728883
1.698745
1.722893
1.706377
1.715816
1.713290
1.720077
1.724001
1.709549
1.722672
1.720132
1.716488
1.712642
1.711797
1.732396
1.721613
1.717938
1.703367
1.723506
1.717318
1.721378
1.696256
1.725673
1.703212
1.726314
1.711634
1.719794
1.706157
1.714714
1.714940
1.728922
1.720224
1.730093
1.711545
1.715205
1.728130
1.710404
1.716026
1.710864
1.731149
1.710132
1.721974
1.712665
1.732049
1.708324
1.716546
1.712645
1.718192
1.742429
1.719688
1.725001
1.717115
1.710188
1.710592
1.714329
1.707466
1.718993
1.707182
1.709984
1.712488
1.715508
1.717975
1.710153
1.725539
1.721310
1.729038
1.717172
1.714456
1.708184
1.715228
1.705957
1.716972
1.713162
1.715688
1.712985
1.713307
1.714389
1.716590
1.704734
1.724430
1.717638
1.719259
1.713617
1.719337
1.719283
1.714434
1.719492
1.719761
1.719876
1.717064
1.723003
1.730535
1.722285
1.729931
1.727308
1.725249
1.721269
1.715642
1.726176
1.715958
1.718939
1.736308
1.742555
1.711492
1.716617
1.723251
1.717713
1.726222
1.713236
1.708973
1.717143
1.716473
1.707061
1.718670
1.718892
1.718722
1.741646
1.715656
1.717870
1.735657
1.732390
1.714833
1.724367
1.724395
1.714746
1.729160
1.710581
1.726916
1.711020
1.717548
1.703899
1.733104
1.722567
1.717289
1.719268
1.720523
1.721644
1.713886
1.739146
1.723812
1.724574
1.720666
1.723649
1.724681
1.720078
1.725557
1.730146
1.714145
1.712781
1.711536
1.723640
1.722240
1.725413
1.712525
1.722905
1.724190
1.721574
1.733931
1.722653
1.731147
1.722963
1.717784
1.732794
1.711571
1.719538
1.721653
1.726812
1.717995
1.710290
1.723723
1.720090
1.724072
1.730362
1.712688
1.710735
1.717171
1.717436
1.714924
1.735763
1.734108
1.711945
1.712614
1.722102
1.714577
1.717494
1.720463
1.717659
1.717535
1.721163
1.715127
1.708514
1.715698
1.718678
1.718788
1.702965
1.709911
1.712274
1.714060
1.731763
1.728803
1.728093
1.718738
1.721508
1.718920
1.722230
1.719244
1.711844
1.715313
1.720735
1.718852
1.708725
1.727601
1.711085
1.705027
1.719218
1.725255
1.715815
1.718241
1.705273
1.715246
1.716685
1.714336
1.722339
1.720113
1.714466
1.703546
1.731139
1.711105
1.703940
1.733134
1.713639
1.717092
1.726175
1.719525
1.717720
1.719903
1.721790
1.717643
1.722199
1.704036
1.724656
1.723301
1.701389
1.715007
1.725511
1.717692
1.716195
1.713769
1.719259
1.723899
1.716379
1.727760
1.727886
1.713723
1.729909
1.704325
1.725081
1.717045
1.723917
1.712772
1.722544
1.712152
1.727514
1.711076
1.713729
1.714137
1.720710
1.724694
1.715738
1.717075
1.718364
1.710111
1.728342
1.712695
1.723857
1.716690
1.729068
1.729018
1.718679
1.718069
1.725339
1.718022
1.724988
1.716057
1.705045
1.721729
1.716219
1.722989
1.712539
1.728549
1.712330
1.725789
1.708045
1.719948
1.720536
1.719872
1.717918
1.726952
1.730700
1.718341
1.717375
1.724350
1.717739
1.707199
1.725403
1.716518
1.715667
1.713360
1.700245
1.721706
1.738668
1.712936
1.720710
1.725323
1.719449
1.720698
1.719076
1.719994
1.706100
1.703923
1.707468
1.717770
1.721452
1.711104
1.725638
1.718595
1.706094
1.718032
1.714887
1.719751
1.729717
1.716782
1.735984
1.739342
1.718492
1.703081
1.717973
1.713114
1.716056
1.707931
1.723102
1.722148
1.713609
1.727264
1.721938
1.716519
1.708088
1.709378
1.725973
1.724333
1.721599
1.721429
1.718554
1.722281
1.732079
1.701653
1.719008
1.710975
1.725084
1.727451
1.715141
1.721862
1.731574
1.721391
1.711785
1.723219
1.731260
1.728153
1.719602
1.725943
1.716143
1.728453
1.725563
1.717141
1.727650
1.714578
1.717222
1.727408
1.716111
1.717752
1.722883
1.713063
1.720911
1.708283
1.713160
1.719713
1.725379
1.714283
1.707901
1.720456
1.722745
1.722666
1.719397
1.714455
1.714033
1.713268
1.708444
1.711399
1.710603
1.716529
1.731125
1.711590
1.726921
1.714845
1.714870
1.705008
1.725141
1.717583
1.713484
1.724275
1.725361
1.717373
1.714674
1.720872
1.723011
1.702892
1.723191
1.720463
1.720145
1.714454
1.719386
1.713690
1.712691
1.717429
1.735435
1.712223
1.706749
1.706472
1.717168
1.723551
1.705837
1.715521
1.725455
1.715093
1.727608
1.712660
1.721289
1.713314
1.721847
1.734671
1.710117
1.726692
1.726911
1.723658
1.717554
1.711129
1.720531
1.706215
1.717646
1.715614
1.704095
1.723869
1.723913
1.713752
1.723694
1.727631
1.723178
1.722892
1.725677
1.704664
1.722562
1.713000
1.721394
1.731932
1.737469
1.723196
1.715791
1.721156
1.720249
1.722287
1.715053
1.729849
1.718716
1.728874
1.719199
1.709888
1.718327
1.707602
1.718748
1.723020
1.719564
1.727132
1.721363
1.715881
1.698792
1.728704
1.724525
1.704422
1.708866
1.706670
1.708920
1.714466
1.719986
1.717748
1.711630
1.725739
1.711972
1.714672
1.731872
1.720932
1.723073
1.706006
1.732377
1.707746
1.723714
1.713454
1.722795
1.707195
1.704805
1.713353
1.708206
1.715047
1.726529
1.719774
1.720800
1.713789
1.711160
1.714587
1.711572
1.721689
1.714072
1.722351
1.713839
1.702786
1.704636
1.728273
1.720935
1.721085
1.711215
1.710354
1.723859
1.715831
1.708951
1.730439
1.711279
1.715329
1.715416
1.722133
1.721351
1.728597
1.714086
1.720524
1.705583
1.705204
1.699284
1.709593
1.716769
1.718839
1.716997
1.718410
1.729147
1.709504
1.731456
1.707381
1.729148
1.724655
1.719721
1.714691
1.722259
1.715938
1.727342
1.724229
1.713650
1.710241
1.710555
1.716709
1.716962
1.711132
1.711244
1.721065
1.715522
1.723441
1.722463
1.728373
1.727908
1.716249
1.721569
1.702216
1.720576
1.718806
1.712963
1.728909
1.719371
1.724148
1.721138
1.719543
1.711436
1.722154
1.723630
1.718555
1.708012
1.715574
1.711660
1.711871
1.718366
1.711843
1.717449
1.721711
1.709147
1.719743
1.724694
1.715544
1.722338
1.720256
1.708491
1.712606
1.703906
1.731643
1.711616
1.715850
1.715579
1.721248
1.722183
1.722790
1.716594
1.712691
1.709543
1.711288
1.725827
1.715564
1.707663
1.720712
1.730444
1.719726
1.708798
1.713014
1.709168
1.726234
1.720028
1.719390
1.712556
1.739694
1.723281
1.727362
1.713110
1.732548
1.725358
1.721230
1.708362
1.706620
1.720721
1.711076
1.711328
1.722697
1.739455
1.704948
1.716601
1.717523
1.712985
1.720830
1.714730
1.721912
1.722752
1.703549
1.720450
1.722623
1.718660
1.718393
1.717071
1.707528
1.716930
1.701862
1.713635
1.726745
1.704708
1.699802
1.718381
1.716172
1.728313
1.723849
1.737440
1.727867
1.736368
1.720631
1.712356
1.716484
1.715533
1.719958
1.710224
1.708899
1.714684
1.723824
1.707695
1.726507
1.729141
1.725502
1.709770
1.723139
1.722479
1.713512
1.716351
1.723668
1.723894
1.718392
1.726147
1.717727
1.700291
1.722669
1.713351
1.705668
1.715370
1.735023
1.716333
1.720913
1.713720
1.718227
1.717825
1.722915
1.720859
1.728255
1.711348
1.724246
1.701202
1.705884
1.718406
1.712872
1.707984
1.712844
1.710389
1.711242
1.720804
1.721302
1.715876
1.730390
1.707402
1.725338
1.714593
1.719753
1.716304
1.718490
1.721445
1.711193
1.722178
1.711762
1.725902
1.714301
1.712947
1.739199
1.714402
1.727648
1.712496
1.715758
1.736864
1.720433
1.723393
1.717526
1.732804
1.723717
1.723983
1.707651
1.710997
1.714438
1.709180
1.724617
1.736448
1.721755
1.708206
1.727173
1.728015
1.713779
1.712958
1.721406
1.726794
1.708403
1.710181
1.714673
1.727590
1.724894
1.715560
1.717607
1.709638
1.723412
1.709907
1.707889
1.718596
1.724643
1.726475
1.709593
1.714671
1.719665
1.725924
1.718745
1.725160
1.724077
1.714814
1.717216
1.722671
1.705975
1.715110
1.735867
1.718727
1.718125
1.718192
1.708330
1.712595
1.712243
1.727781
1.720936
1.723606
1.718291
1.715679
1.723951
1.723132
1.719405
1.721920
1.723472
1.707202
1.716772
1.727266
1.709590
1.736719
1.725313
1.716581
1.721411
1.712612
1.702683
1.720218
1.717521
1.723292
1.713940
1.709080
1.718284
1.725684
1.730693
1.709991
1.725505
1.705866
1.720798
1.722808
1.723321
1.715794
1.719079
1.716897
1.714456
1.718169
1.721167
1.711488
1.722668
1.709912
1.710598
1.712784
1.715010
1.711404
1.709107
1.709867
1.717454
1.710176
1.727975
1.701431
1.726729
1.723423
1.727630
1.704527
1.730007
1.703085
1.706870
1.717337
1.725022
1.725410
1.724486
1.734871
1.719046
1.718943
1.725603
1.705727
1.717250
1.703920
1.731394
1.713893
1.729539
1.719394
1.729275
1.711854
1.713816
1.719481
1.719608
1.712943
1.714015
1.703553
1.722348
1.721552
1.713500
1.716911
1.709427
1.719895
1.717828
1.713274
1.721568
1.711949
1.706960
1.723141
1.721747
1.707664
1.697080
1.724896
1.717297
1.726739
1.714727
1.718686
1.724604
1.729053
1.719710
1.710613
1.719010
1.725507
1.705132
1.723071
1.700401
1.708488
1.722280
1.711796
1.716626
1.734474
1.720900
1.718585
1.732949
1.726825
1.708956
1.726884
1.719069
1.718826
1.715197
1.722808
1.712755
1.714525
1.711572
1.721449
1.707773
1.717673
1.719959
1.713936
1.721221
1.715089
1.714654
1.724502
1.724989
1.715084
1.713432
1.707991
1.703054
1.717800
1.730133
1.705839
1.735661
1.722318
1.725362
1.721749
1.718610
1.710077
1.720290
1.728706
1.717820
1.714962
1.732525
1.725596
1.700490
1.732045
1.719093
1.714413
1.730994
1.712262
1.704054
1.717579
1.719725
1.740739
1.728775
1.718998
1.715807
1.720428
1.732924
1.712550
1.723023
1.725654
1.723951
1.725310
1.735123
1.723436
1.724013
1.716189
1.727821
1.709810
1.712983
1.732258
1.720102
1.726492
1.715441
1.712361
1.703269
1.717012
1.719191
1.706029
1.717304
1.722707
1.715267
1.719780
1.715124
1.726436
1.733258
1.719815
1.713570
1.731268
1.721281
1.717175
1.714519
1.733678
1.729207
1.710649
1.708191
1.722040
1.725320
1.717422
1.723925
1.726677
1.712720
1.715597
1.715213
1.714119
1.716895
1.725914
1.724451
1.709979
1.723176
1.706879
1.714441
1.731350
1.735581
1.714228
1.727274
1.726138
1.713366
1.717391
1.709372
1.716694
1.722302
1.712387
1.718296
1.698368
1.715292
1.711073
1.709990
1.712032
1.710338
1.710537
1.727401
1.709496
1.710648
1.716928
1.725223
1.706838
1.719434
1.725390
1.725224
1.716226
1.719103
1.713397
1.706708
1.721979
1.715880
1.711970
1.718905
1.717191
1.719002
1.730132
1.727714
1.729005
1.724731
1.724428
1.725770
1.716098
1.723787
1.705371
1.728002
1.725743
1.725324
1.712171
1.708333
1.720824
1.725123
1.712815
1.713402
1.720697
1.727212
1.740182
1.717911
1.719094
1.716631
1.700696
1.720360
1.723374
1.729789
1.698714
1.725153
1.713778
1.720244
1.719666
1.709940
1.725015
1.711705
1.724151
1.720953
1.717344
1.709709
1.720533
1.717489
1.708508
1.724643
1.721219
1.716217
1.723128
1.711062
1.710630
1.716293
1.733274
1.713925
1.726471
1.714729
1.723135
1.712772
1.722712
1.726768
1.716574
1.709169
1.719233
1.717968
1.707973
1.726238
1.712951
1.721778
1.714409
1.727606
1.712182
1.718066
1.719671
1.723308
1.726582
1.721501
1.727304
1.707454
1.705435
1.711153
1.715464
1.716050
1.735986
1.717494
1.723741
1.719410
1.711173
1.718415
1.722433
1.730864
1.719124
1.718243
1.700584
1.701199
1.712446
1.716495
1.726511
1.724412
1.724891
1.712420
1.719757
1.702683
1.722867
1.719082
1.731379
1.721638
1.725408
1.718759
1.720501
1.713926
1.704072
1.732910
1.723596
1.721567
1.713401
1.713614
1.717979
1.719830
1.722671
1.710160
1.728470
1.731531
1.716335
1.730947
1.712833
1.714669
1.725695
1.715644
1.716446
1.729840
1.718035
1.705718
1.725270
1.705753
1.712824
1.720176
1.736168
1.726336
1.720204
1.714236
1.719507
1.721047
1.720700
1.726092
1.714226
1.719339
1.708422
1.721499
1.730821
1.717512
1.708920
1.732713
1.727044
1.714447
1.723063
1.704109
1.726499
1.705858
1.711019
1.709502
1.710503
1.705927
1.710734
1.714208
1.710552
1.715777
1.726874
1.715937
1.733774
1.727312
1.710178
1.725999
1.715635
1.723967
1.728136
1.714380
1.737323
1.728915
1.712957
1.706627
1.729266
1.714029
1.711344
1.717333
1.713052
1.737909
1.717800
1.706551
1.709361
1.708537
1.712864
1.715383
1.710583
1.720788
1.719806
1.718753
1.718149
1.721054
1.723998
1.719648
1.713520
1.716872
1.726221
1.718819
1.717362
1.721688
1.727643
1.725170
1.719890
1.734755
1.712427
1.719130
1.712408
1.714229
1.707755
1.714501
1.718928
1.718270
1.730586
1.714033
1.714817
1.712441
1.709394
1.716723
1.700540
1.709311
1.731642
1.713756
1.729521
1.715526
1.721823
1.735453
1.724663
1.712984
1.714102
1.711406
1.722926
1.719830
1.724997
1.729168
1.719222
1.712523
1.733343
1.711502
1.707554
1.721236
1.727275
1.719498
1.715057
1.712032
1.712756
1.719147
1.717547
1.713045
1.719144
1.721224
1.709306
1.734749
1.702085
1.705692
1.726774
1.722327
1.715994
1.719101
1.723337
1.713457
1.727068
1.742892
1.711315
1.716189
1.713586
1.716912
1.724166
1.717723
1.712518
1.712121
1.731919
1.716733
1.705150
1.715116
1.717382
1.716643
1.716027
1.713937
1.712130
1.720850
1.717756
1.729415
1.720967
1.709472
1.723908
1.722745
1.710805
1.722940
1.718994
1.715872
1.726573
1.730401
1.709968
1.726198
1.711623
1.717523
1.713070
1.728041
1.722929
1.702945
1.700393
1.725844
1.716075
1.722121
1.719237
1.708464
1.723361
1.716427
1.731852
1.717898
1.717722
1.718667
1.719195
1.704788
1.721443
1.720414
1.716292
1.731957
1.721076
1.719755
1.723899
1.715258
1.728153
1.708208
1.722399
1.720006
1.720870
1.717819
1.738760
1.718079
1.725972
1.712048
1.716585
1.713596
1.704227
1.708424
1.724576
1.725296
1.715744
1.715634
1.728661
1.718515
1.706351
1.709950
1.709303
1.717031
1.732664
1.726724
1.711325
1.718930
1.715974
1.719933
1.717993
1.714343
1.711934
1.716566
1.713047
1.726430
1.717822
1.709197
1.714387
1.715380
1.737060
1.712838
1.719061
1.724368
1.725647
1.727214
1.724220
1.707992
1.719923
1.706864
1.715846
1.725961
1.711802
1.707614
1.720851
1.703668
1.728720
1.720543
1.726031
1.712431
1.708119
1.724445
1.714052
1.705795
1.705995
1.711348
1.732361
1.722955
1.723698
1.720074
1.725139
1.709511
1.722597
1.717479
1.716425
1.715034
1.719949
1.699996
1.708291
1.725304
1.709330
1.724409
1.723569
1.725932
1.718323
1.707655
1.725606
1.704498
1.721950
1.707120
1.718842
1.714882
1.721407
1.704630
1.729839
1.730876
1.721011
1.714717
1.727583
1.705875
1.716692
1.728130
1.706757
1.727153
1.721579
1.724361
1.718060
1.728523
1.728401
1.716258
1.723546
1.738908
1.715220
1.715349
1.732852
1.724081
1.718808
1.711609
1.722614
1.727297
1.722614
1.702059
1.712477
1.734912
1.722375
1.722646
1.718286
1.719761
1.712640
1.735683
1.705597
1.711530
1.722952
1.722305
1.726733
1.717876
1.721720
1.719114
1.721619
1.711717
1.732027
1.698072
1.726401
1.718617
1.716538
1.713396
1.717543
1.705183
1.724438
1.719504
1.719322
1.725834
1.713923
1.707365
1.723092
1.703994
1.725554
1.708206
1.726558
1.721229
1.713661
1.716842
1.714463
1.714170
1.730005
1.715350
1.714472
1.714120
1.711319
1.722775
1.723211
1.727059
1.724512
1.722200
1.718112
1.715023
1.727210
1.717491
1.726253
1.716966
1.702353
1.712138
1.703989
1.726601
1.721113
1.715606
1.712182
1.720679
1.713853
1.725331
1.721923
1.716364
1.723246
1.726666
1.725669
1.720104
1.704917
1.712191
1.718641
1.717572
1.726012
1.713255
1.722619
1.714155
1.716614
1.711923
1.722825
1.713441
1.716196
1.714115
1.735262
1.713845
1.708579
1.724391
1.716938
1.727655
1.712959
1.720367
1.718035
1.715141
1.709106
1.719411
1.718787
1.712343
1.726692
1.727807
1.714040
1.725002
1.717371
1.718410
1.712140
1.713549
1.730997
1.713654
1.712941
1.719639
1.710414
1.719481
1.729369
1.725885
1.708144
1.725622
1.727735
1.716202
1.725375
1.728321
1.728085
1.729655
1.717843
1.724339
1.719886
1.707972
1.727657
1.728183
1.721127
1.722894
1.712776
1.718378
1.716695
1.709525
1.716104
1.716618
1.723271
1.719406
1.698046
1.723658
1.703501
1.720660
1.725359
1.731718
1.721133
1.717582
1.704150
1.720536
1.719651
1.720129
1.719268
1.707886
1.735558
1.724835
1.713354
1.728063
1.720699
1.713881
1.726777
1.721899
1.718864
1.723899
1.711210
1.717995
1.711320
1.703821
1.723561
1.717542
1.718918
1.723461
1.730010
1.731599
1.716962
1.716360
1.719377
1.734261
1.716655
1.713721
1.723660
1.724162
1.728703
1.720813
1.710931
1.722356
1.714865
1.730859
1.725794
1.723700
1.719674
1.728344
1.714793
1.726000
1.712704
1.708378
1.720125
1.720727
1.716169
1.719864
1.729343
1.727253
1.716139
1.715595
1.721398
1.728466
1.708560
1.715715
1.722227
1.715531
1.722043
1.723974
1.715719
1.717723
1.717440
1.709581
1.729389
1.707031
1.722663
1.718933
1.724370
1.716936
1.725177
1.715639
1.722879
1.708798
1.711488
1.726385
1.720203
1.734530
1.710694
1.719174
1.715496
1.718727
1.716700
1.722752
1.715418
1.704145
1.707224
1.726962
1.718366
1.724314
1.722069
1.701227
1.718372
1.728820
1.694956
1.721493
1.721001
1.713241
1.727384
1.709766
1.742222
1.737924
1.719827
1.718500
1.727172
1.721752
1.718413
1.715831
1.712948
1.730057
1.717081
1.720491
1.714247
1.733871
1.714814
1.707236
1.712842
1.714041
1.730874
1.711353
1.727536
1.721219
1.740847
1.724770
1.718519
1.726336
1.714494
1.721589
1.713168
1.719676
1.730625
1.723337
1.718682
1.727558
1.710238
1.726454
1.717221
1.718906
1.729049
1.726777
1.724676
1.718794
1.718313
1.722512
1.721038
1.714372
1.709885
1.721576
1.722745
1.714782
1.722019
1.714461
1.726162
1.720111
1.717562
1.705367
1.731173
1.715684
1.721553
1.717206
1.719907
1.720756
1.707806
1.732464
1.720508
1.720914
1.723744
1.716773
1.713703
1.726427
1.734658
1.718272
1.710164
1.726311
1.722026
1.709797
1.721368
1.703271
1.701632
1.718318
1.715305
1.701337
1.718488
1.729759
1.713266
1.713713
1.696885
1.730571
1.721473
1.713135
1.719988
1.728104
1.710358
1.717940
1.714804
1.718832
1.714104
1.720282
1.716336
1.709512
1.706520
1.700649
1.725957
1.716796
1.726679
1.712902
1.721563
1.715134
1.701563
1.714851
1.720044
1.722015
1.732427
1.721011
1.723623
1.724331
1.717675
1.719433
1.737607
1.718468
1.727902
1.721906
1.695853
1.726534
1.706733
1.716594
1.717808
1.719527
1.713781
1.697047
1.703178
1.725589
1.716485
1.709388
1.719658
1.726925
1.710663
1.702259
1.724637
1.726443
1.715734
1.721087
1.714106
1.727972
1.714568
1.733730
1.727961
1.722529
1.722810
1.718678
1.708905
1.713265
1.729491
1.713766
1.723629
1.706135
1.726430
1.712065
1.728894
1.718330
1.711363
1.701493
1.706189
1.706402
1.716537
1.709478
1.714144
1.710881
1.721542
1.722800
1.714758
1.720811
1.724838
1.716307
1.710326
1.718529
1.705931
1.707628
1.724702
1.723269
1.708869
1.704471
1.719125
1.717654
1.714192
1.721439
1.718153
1.729352
1.718652
1.719276
1.704542
1.729394
1.719510
1.719491
1.721012
1.716277
1.718872
1.719005
1.712199
1.726465
1.720134
1.714446
1.700403
1.711954
1.724116
1.706339
1.714484
1.715906
1.715863
1.714418
1.737020
1.720921
1.712565
1.703115
1.724572
1.726280
1.713050
1.724345
1.712872
1.712028
1.719515
1.713089
1.716710
1.726737
1.705970
1.718994
1.718026
1.727530
1.725855
1.713921
1.703928
1.714562
1.718753
1.729439
1.720682
1.714058
1.728008
1.716484
1.730278
1.723760
1.740502
1.718647
1.712064
1.712247
1.733287
1.716362
1.718326
1.718493
1.706207
1.715776
1.711821
1.721768
1.716976
1.735919
1.717319
1.709413
1.729285
1.719772
1.713541
1.696754
1.716795
1.712149
1.727280
1.708859
1.709863
1.729445
1.710550
1.708257
1.726230
1.714728
1.731093
1.719955
1.721471
1.720510
1.710018
1.720484
1.729085
1.717114
1.709475
1.726583
1.718275
1.727364
1.709592
1.706647
1.718012
1.722094
1.724164
1.721235
1.724601
1.726118
1.707586
1.717565
1.717396
1.731113
1.729650
1.715494
1.717604
1.730741
1.722999
1.724019
1.726664
1.715865
1.716390
1.713788
1.714358
1.712483
1.713980
1.723109
1.719723
1.698226
1.722925
1.721312
1.723959
1.727615
1.710333
1.717206
1.724502
1.710786
1.718188
1.723445
1.720808
1.717209
1.724582
1.719587
1.702828
1.713555
1.718985
1.713098
1.714125
1.727758
1.699969
1.703878
1.702852
1.715996
1.723959
1.730600
1.715842
1.714255
1.723448
1.721071
1.709008
1.709574
1.714063
1.720020
1.708540
1.722781
1.712965
1.725271
1.712056
1.703064
1.716242
1.727114
1.724508
1.706589
1.714947
1.708478
1.714745
1.714581
1.723692
1.709917
1.717341
1.711943
1.710332
1.725019
1.719448
1.728276
1.714650
1.724229
1.718044
1.714722
1.727473
1.721526
1.703548
1.714015
1.734850
1.710297
1.712537
1.716155
1.719417
1.722364
1.712131
1.719752
1.716393
1.717274
1.718231
1.719600
1.720550
1.729013
1.722463
1.725435
1.714636
1.708338
1.708098
1.718644
1.722267
1.724038
1.722358
1.715319
1.714215
1.723965
1.727364
1.737586
1.714521
1.718699
1.718048
1.718794
1.717259
1.711753
1.716906
1.716155
1.710113
1.715337
1.718236
1.721558
1.709500
1.722787
1.716586
1.715698
1.715107
1.707824
1.707490
1.724615
1.712866
1.713034
1.727201
1.723194
1.715367
1.702745
1.720384
1.705169
1.715680
1.716938
1.736124
1.712638
1.719818
1.723869
1.714274
1.717833
1.726182
1.711999
1.723390
1.719945
1.732482
1.721248
1.727099
1.717011
1.720960
1.731451
1.708061
1.716292
1.712932
1.732430
1.725527
1.716160
1.719337
1.710653
1.725633
1.720640
1.719360
1.713687
1.720944
1.716237
1.715767
1.716820
1.719760
1.705578
1.729959
1.713646
1.720242
1.712250
1.715281
1.719413
1.713138
1.703238
1.718247
1.722475
1.715437
1.723759
1.727176
1.710422
1.726946
1.711544
1.720514
1.709777
1.713422
1.720136
1.716969
1.719510
1.710717
1.719205
1.718555
1.708111
1.721705
1.717860
1.715322
1.714628
1.713982
1.718889
1.713676
1.728417
1.717171
1.715757
1.715922
1.730691
1.724357
1.711913
1.701986
1.703925
1.723867
1.728364
1.720914
1.719126
1.717576
1.727452
1.723650
1.723914
1.722901
1.715192
1.713293
1.707903
1.724659
1.725933
1.715013
1.718640
1.718702
1.719882
1.714072
1.718279
1.714834
1.720984
1.705576
1.727722
1.719456
1.724068
1.719540
1.709594
1.714452
1.720274
1.722704
1.721977
1.725235
1.712763
1.721819
1.710688
1.718012
1.729638
1.731374
1.731781
1.730053
1.717509
1.708407
1.718868
1.725853
1.711686
1.722917
1.719441
1.705136
1.719937
1.705907
1.719090
1.723597
1.708531
1.707637
1.718388
1.715053
1.716823
1.729401
1.725470
1.710718
1.711848
1.727751
1.714114
1.730994
1.716880
1.726574
1.726430
1.729113
1.719223
1.719900
1.705044
1.728358
1.704985
1.714832
1.712997
1.717918
1.714167
1.721634
1.719854
1.726348
1.710927
1.719901
1.708504
1.722653
1.729692
1.731953
1.714418
1.723107
1.721351
1.721907
1.715626
1.710554
1.719757
1.713454
1.703694
1.723912
1.713287
1.711960
1.732397
1.724338
1.715605
1.719585
1.714391
1.711081
1.710882
1.720726
1.726220
1.725951
1.710111
1.716479
1.711413
1.728008
1.711275
1.723857
1.707835
1.717132
1.715903
1.728671
1.713813
1.723181
1.720015
1.729954
1.709259
1.724438
1.712330
1.720989
1.710348
1.715503
1.724698
1.733666
1.729862
1.713065
1.717201
1.713438
1.727161
1.719714
1.707066
1.721398
1.714276
1.728638
1.717756
1.719587
1.731818
1.715453
1.709207
1.739373
1.714073
1.726790
1.725026
1.712904
1.721326
1.718614
1.719428
1.715095
1.716736
1.714007
1.726435
1.716167
1.726804
1.721860
1.719295
1.711668
1.726994
1.735490
1.721282
1.709932
1.714039
1.724569
1.703221
1.718509
1.725232
1.709676
1.702924
1.727900
1.724768
1.725072
1.719820
1.715826
1.718507
1.722342
1.721857
1.726743
1.704665
1.724083
1.728268
1.723735
1.719725
1.714578
1.728850
1.709716
1.719826
1.734144
1.719577
1.717505
1.712038
1.726445
1.706699
1.708604
1.711872
1.711976
1.733471
1.697609
1.719033
1.732221
1.709977
1.733034
1.710030
1.727937
1.718065
1.721856
1.716414
1.733690
1.719719
1.717175
1.707638
1.723625
1.726553
1.699382
1.719404
1.707011
1.719155
1.727655
1.723970
1.710109
1.713465
1.713562
1.722373
1.735820
1.711365
1.712982
1.720538
1.713196
1.717087
1.728673
1.725057
1.722561
1.713948
1.707039
1.717626
1.718156
1.714186
1.722641
1.722868
1.708076
1.704228
1.727096
1.707076
1.707338
1.725462
1.715346
1.705548
1.725563
1.714443
1.704682
1.722698
1.726567
1.717997
1.710412
1.720328
1.730119
1.720675
1.721612
1.723289
1.719926
1.700617
1.715464
1.712942
1.717293
1.737415
1.724601
1.716063
1.715033
1.707999
1.713510
1.718747
1.711517
1.718036
1.715243
1.726951
1.712451
1.716351
1.713953
1.720891
1.724640
1.714479
1.731465
1.729218
1.722477
1.720632
1.704393
1.724766
1.728372
1.714488
1.719120
1.713799
1.718735
1.731331
1.701940
1.712635
1.721447
1.717652
1.697987
1.705982
1.715068
1.716847
1.711739
1.721871
1.705321
1.724620
1.732506
1.708161
1.704890
1.726503
1.717186
1.712108
1.714533
1.708749
1.723231
1.717077
1.712379
1.735509
1.710665
1.736534
1.717626
1.715835
1.728134
1.714604
1.724289
1.730936
1.707772
1.708086
1.718929
1.726303
1.716527
1.711676
1.725113
1.720236
1.709693
1.732648
1.717782
1.718056
1.725023
1.712461
1.721389
1.719391
1.726859
1.703224
1.721568
1.720685
1.726619
1.709016
1.709778
1.716030
1.705536
1.717478
1.719794
1.717246
1.703840
1.717535
1.726360
1.707879
1.719752
1.712856
1.715559
1.720785
1.709265
1.721197
1.720065
1.712448
1.726009
1.711849
1.732280
1.715538
1.712395
1.723474
1.712654
1.736098
1.711183
1.721815
1.706116
1.719082
1.723310
1.725470
1.713296
1.722188
1.718784
1.718599
1.718750
1.716445
1.717229
1.712091
1.709351
1.717593
1.715953
1.721308
1.703874
1.721659
1.705837
1.724106
1.724287
1.713655
1.719659
1.717443
1.716158
1.720659
1.719082
1.722987
1.724523
1.724630
1.724070
1.711080
1.732760
1.730812
1.723662
1.726319
1.708359
1.718559
1.714867
1.715939
1.711612
1.711949
1.714814
1.716043
1.715572
1.697143
1.719565
1.710681
1.721593
1.708274
1.706780
1.726961
1.710979
1.716434
1.716100
1.715420
1.720727
1.728839
1.717114
1.732524
1.704220
1.731233
1.719440
1.729037
1.710042
1.709848
1.707912
1.722705
1.727508
1.719004
1.714346
1.716432
1.719073
1.718906
1.716380
1.711898
1.736109
1.724864
1.714236
1.712806
1.728875
1.717995
1.726932
1.715432
1.728771
1.721615
1.713690
1.710429
1.710565
1.720543
1.710795
1.716574
1.719868
1.711990
1.733235
1.715895
1.708387
1.716333
1.724313
1.717959
1.731099
1.720910
1.717390
1.713261
1.714862
1.712694
1.713512
1.714875
1.717218
1.712087
1.708639
1.719886
1.706720
1.726013
1.705871
1.714067
1.726836
1.725451
1.716400
1.707228
1.723656
1.705757
1.709768
1.722288
1.721555
1.721295
1.716140
1.709732
1.706136
1.700625
1.729806
1.715588
1.721941
1.732817
1.702011
1.714399
1.728969
1.728575
1.718639
1.720807
1.710455
1.717335
1.730040
1.719844
1.709596
1.714464
1.717014
1.710030
1.722341
1.709796
1.720532
1.709597
1.696835
1.715448
1.708757
1.715144
1.719115
1.720795
1.719295
1.728120
1.715091
1.730489
1.722621
1.726956
1.715311
1.720560
1.729603
1.730108
1.713785
1.706437
1.710917
1.715977
1.722431
1.708696
1.703737
1.711363
1.715220
1.699804
1.719976
1.716441
1.721926
1.721008
1.708791
1.721246
1.713641
1.709562
1.706508
1.716221
1.722816
1.719117
1.720717
1.717648
1.715804
1.734509
1.708319
1.713389
1.714663
1.703527
1.710518
1.710018
1.714246
1.733550
1.717174
1.719636
1.721855
1.706338
1.706336
1.707178
1.723346
1.712365
1.718295
1.725273
1.708772
1.711170
1.718287
1.708715
1.719879
1.709347
1.733991
1.722529
1.722171
1.708042
1.707131
1.720712
1.715349
1.728685
1.726488
1.694961
1.717903
1.728187
1.708866
1.709273
1.713787
1.714656
1.716650
1.731050
1.729074
1.708684
1.720166
1.722059
1.716592
1.728806
1.715865
1.718100
1.714487
1.726087
1.726930
1.710237
1.720693
1.720511
1.720707
1.709785
1.716029
1.722290
1.712825
1.734056
1.719373
1.716600
1.729671
1.714672
1.734913
1.719998
1.711959
1.708981
1.721158
1.707644
1.710524
1.713828
1.724436
1.734087
1.737947
1.712199
1.726830
1.719035
1.716844
1.726357
1.716773
1.712734
1.718309
1.734801
1.712556
1.701916
1.711108
1.713264
1.724160
1.720121
1.708379
1.724144
1.712665
1.715864
1.704100
1.722201
1.721164
1.722734
1.711168
1.709689
1.722182
1.717296
1.723230
1.727753
1.720737
1.714285
1.727503
1.717262
1.718365
1.733934
1.719041
1.727226
1.715752
1.716929
1.705926
1.719344
1.716765
1.723777
1.713930
1.712797
1.721373
1.721462
1.713309
1.717390
1.717016
1.722222
1.707503
1.715433
1.714092
1.714121
1.716623
1.723726
1.723248
1.722574
1.725223
1.717960
1.706143
1.713377
1.720076
1.712197
1.715661
1.699430
1.713479
1.720827
1.704394
1.723672
1.717685
1.713270
1.715884
1.718767
1.706136
1.719458
1.710214
1.728326
1.709017
1.703217
1.720294
1.726920
1.718252
1.722576
1.721937
1.737018
1.708973
1.708668
1.707763
1.709468
1.730059
1.720443
1.715258
1.715352
1.722559
1.710402
1.719012
1.722984
1.713088
1.709491
1.713811
1.717234
1.720497
1.710366
1.717353
1.716520
1.715767
1.712954
1.722682
1.725473
1.707398
1.726008
1.721621
1.722367
1.724586
1.715725
1.716892
1.708586
1.734884
1.715968
1.716914
1.712657
1.717555
1.718825
1.717653
1.722453
1.714156
1.724384
1.716234
1.744537
1.723166
1.715457
1.718104
1.703657
1.712347
1.721267
1.715136
1.727210
1.718205
1.722397
1.714087
1.706030
1.732530
1.717240
1.711250
1.715121
1.723389
1.715927
1.718162
1.732518
1.716469
1.701496
1.729699
1.725095
1.727919
1.709798
1.700645
1.711776
1.725830
1.723089
1.722630
1.716743
1.722971
1.722271
1.724933
1.730769
1.718468
1.726815
1.725477
1.723417
1.712949
1.712091
1.722371
1.716170
1.721312
1.720500
1.710531
1.723805
1.725646
1.720337
1.723894
1.708885
1.716326
1.725295
1.708903
1.717965
1.719641
1.722586
1.728566
1.716900
1.722088
1.714107
1.707316
1.719920
1.733008
1.728364
1.703699
1.716807
1.716243
1.711408
1.715702
1.718635
1.716811
1.706242
1.713313
1.708672
1.717897
1.715848
1.718110
1.725268
1.708935
1.711462
1.724445
1.701885
1.711735
1.733412
1.714426
1.728597
1.711389
1.723652
1.709172
1.724474
1.725605
1.707484
1.716265
1.716367
1.717693
1.732516
1.733755
1.726209
1.717050
1.713908
1.714676
1.716358
1.699485
1.706935
1.726528
1.719429
1.706593
1.705536
1.717516
1.731370
1.714476
1.725136
1.728861
1.707683
1.714994
1.719317
1.705738
1.720051
1.715467
1.729014
1.727815
1.712155
1.715855
1.707820
1.732370
1.713370
1.713218
1.709760
1.711638
1.717742
1.711054
1.706021
1.709946
1.715961
1.720060
1.719696
1.714502
1.723976
1.716772
1.718730
1.712618
1.731405
1.709332
1.730197
1.716812
1.718040
1.708566
1.713677
1.712142
1.717875
1.719007
1.717305
1.731777
1.711289
1.719196
1.715583
1.711199
1.722752
1.717729
1.723433
1.722508
1.727010
1.706911
1.718396
1.716172
1.716965
1.722087
1.725248
1.715999
1.718579
1.731342
1.720354
1.724988
1.712633
1.723488
1.717682
1.729660
1.733504
1.702476
1.720726
1.724994
1.725096
1.720828
1.704946
1.722866
1.725113
1.730296
1.718769
1.714882
1.720985
1.717210
1.716348
1.716991
1.712009
1.721192
1.728659
1.723882
1.717123
1.716445
1.708736
1.714978
1.719799
1.727530
1.731158
1.714490
1.719026
1.720131
1.712261
1.713197
1.729754
1.730217
1.724776
1.712946
1.716886
1.719319
1.712658
1.717858
1.711076
1.712355
1.711355
1.720099
1.723792
1.728502
1.713700
1.710897
1.712132
1.710015
1.705249
1.715221
1.718983
1.724187
1.716874
1.721075
1.716089
1.714543
1.716379
1.722112
1.721321
1.710398
1.716364
1.714051
1.713131
1.710901
1.712095
1.707614
1.721115
1.724297
1.718376
1.711910
1.730810
1.726236
1.729053
1.706769
1.719820
1.719529
1.713628
1.728992
1.725038
1.714693
1.713719
1.727301
1.727089
1.722452
1.726228
1.711979
1.719466
1.727082
1.725584
1.724929
1.715760
1.718230
1.723061
1.720991
1.721439
1.718052
1.713767
1.715103
1.723516
1.720564
1.720654
1.708413
1.722512
1.707496
1.720432
1.717944
1.707830
1.713988
1.719007
1.717970
1.718956
1.716356
1.713143
1.708802
1.708529
1.718510
1.723324
1.735856
1.710715
1.710703
1.712175
1.725411
1.718688
1.720136
1.720415
1.726509
1.719101
1.716313
1.716960
1.713531
1.723655
1.710476
1.707402
1.732995
1.711161
1.725325
1.717626
1.721259
1.722176
1.707245
1.712951
1.718801
1.729625
1.723419
1.725471
1.714426
1.717485
1.719050
1.717529
1.714047
1.712075
1.721613
1.720692
1.708633
1.723244
1.714531
1.717025
1.700510
1.716586
1.717225
1.719423
1.724576
1.707302
1.720783
1.719937
1.714700
1.715898
1.719832
1.720200
1.724559
1.722463
1.722453
1.713513
1.723880
1.710467
1.719014
1.707410
1.710329
1.708470
1.729807
1.714220
1.716407
1.715221
1.714311
1.729781
1.716207
1.717485
1.708142
1.714620
1.719540
1.731118
1.721708
1.718439
1.710050
1.707463
1.726223
1.715050
1.723770
1.716263
1.717526
1.722105
1.701243
1.730264
1.711972
1.718232
1.717253
1.733729
1.718733
1.717056
1.726282
1.711540
1.715486
1.712516
1.717534
1.709758
1.720416
1.728750
1.724394
1.718550
1.720449
1.720892
1.723887
1.715319
1.719517
1.720718
1.724723
1.721855
1.725113
1.722533
1.722831
1.731929
1.712623
1.710947
1.714092
1.725698
1.720526
1.722381
1.729633
1.720202
1.734474
1.721839
1.714327
1.723226
1.707345
1.725695
1.724926
1.700636
1.724139
1.713395
1.715412
1.713130
1.715065
1.712531
1.729299
1.724196
1.720609
1.723991
1.726785
1.723350
1.723000
1.719853
1.715367
1.713844
1.704573
1.727997
1.726764
1.715739
1.716637
1.722634
1.713498
1.712245
1.720202
1.718247
1.715447
1.721241
1.722596
1.731566
1.707057
1.731319
1.712573
1.729334
1.728271
1.711608
1.726057
1.706720
1.711126
1.721087
1.708635
1.705825
1.723355
1.727554
1.710232
1.718607
1.711888
1.724594
1.731603
1.717243
1.721433
1.714441
1.717978
1.726542
1.729287
1.705611
1.718500
1.718965
1.715175
1.710482
1.711169
1.727094
1.710631
1.710805
1.707884
1.712470
1.717751
1.714069
1.709071
1.710165
1.713654
1.711640
1.718511
1.724197
1.719572
1.728175
1.721497
1.719575
1.710911
1.707917
1.722770
1.729776
1.722428
1.725237
1.709641
1.725710
1.726507
1.722953
1.731681
1.730077
1.716557
1.723922
1.730074
1.717537
1.720275
1.718284
1.732656
1.705429
1.705366
1.729178
1.731387
1.715086
1.720433
1.730270
1.706297
1.711424
1.716797
1.717615
1.726348
1.721182
1.723471
1.725436
1.723688
1.732752
1.722947
1.726623
1.704031
1.722745
1.730419
1.719348
1.718898
1.723397
1.718335
1.710996
1.712727
1.715671
1.711433
1.730941
1.724205
1.717956
1.727738
1.714632
1.736791
1.713973
1.707958
1.717092
1.701352
1.717239
1.714845
1.721239
1.726127
1.730541
1.724156
1.729743
1.732680
1.727026
1.720369
1.712692
1.709899
1.727980
1.719629
1.717908
1.711746
1.710613
1.734290
1.717850
1.724502
1.713155
1.718038
1.712680
1.709324
1.725049
1.718869
1.710188
1.732520
1.720132
1.725600
1.723173
1.724421
1.712837
1.723410
1.716848
1.721743
1.717092
1.721320
1.713652
1.727990
1.713201
1.719571
1.713825
1.730200
1.714881
1.721391
1.728934
1.723472
1.720982
1.719832
1.723896
1.737081
1.711066
1.731493
1.708432
1.714882
1.709586
1.711153
1.715377
1.720141
1.727330
1.726021
1.715050
1.726334
1.704913
1.721546
1.730039
1.717369
1.729683
1.717754
1.719827
1.713179
1.711854
1.719733
1.721406
1.717891
1.718231
1.713982
1.725273
1.707647
1.722614
1.715209
1.726530
1.715849
1.721370
1.736348
1.721657
1.723555
1.711212
1.718987
1.703013
1.721066
1.717440
1.723383
1.720204
1.713091
1.709921
1.713815
1.718695
1.716880
1.720612
1.712000
1.721507
1.725994
1.712184
1.715264
1.716622
1.720872
1.719623
1.705782
1.729233
1.722637
1.721330
1.709377
1.714161
1.709216
1.725244
1.722842
1.710115
1.716573
1.714775
1.710851
1.718467
1.724620
1.706733
1.730272
1.711831
1.714520
1.724466
1.706731
1.716147
1.719701
1.702744
1.724228
1.725936
1.714464
1.727643
1.714542
1.713008
1.716329
1.719317
1.708868
1.713430
1.710195
1.734657
1.712437
1.732983
1.712575
1.708571
1.718583
1.722647
1.703140
1.729365
1.707645
1.719485
1.716536
1.715826
1.711252
1.715337
1.722457
1.705783
1.716605
1.718927
1.719389
1.718652
1.717992
1.700420
1.730556
1.716951
1.736204
1.702837
1.724746
1.714595
1.716288
1.715568
1.721477
1.720836
1.714707
1.727393
1.720244
1.727917
1.703695
1.722148
1.709474
1.719173
1.722355
1.719472
1.724618
1.717194
1.726824
1.729405
1.727023
1.722460
1.718931
1.723422
1.711244
1.717874
1.718546
1.732422
1.719737
1.727187
1.722925
1.721559
1.716923
1.714587
1.722232
1.714516
1.725199
1.703341
1.715822
1.713400
1.702767
1.723185
1.717883
1.709837
1.701887
1.723075
1.720537
1.721649
1.718629
1.716399
1.708305
1.718534
1.724296
1.718670
1.706335
1.712445
1.731222
1.721421
1.721480
1.728139
1.710484
1.723840
1.710836
1.722675
1.722957
1.708500
1.718134
1.701064
1.731454
1.713859
1.716300
1.728663
1.720787
1.710555
1.711131
1.710766
1.709742
1.700284
1.731361
1.718941
1.713093
1.711656
1.715054
1.719737
1.740213
1.719404
1.711707
1.713074
1.694463
1.718287
1.723590
1.720742
1.726373
1.717663
1.722224
1.737667
1.708807
1.722623
1.722824
1.720976
1.709577
1.722356
1.711297
1.718735
1.721670
1.719326
1.722828
1.728150
1.723272
1.719579
1.715602
1.723536
1.707393
1.725179
1.710222
1.722312
1.718944
1.711237
1.724943
1.723617
1.713511
1.723817
1.713668
1.712999
1.719621
1.715996
1.729657
1.708600
1.725031
1.714979
1.703189
1.709851
1.715943
1.710138
1.732184
1.724170
1.719441
1.721717
1.721984
1.722446
1.724636
1.721241
1.728145
1.712946
1.713557
1.724880
1.721874
1.723220
1.714892
1.701039
1.712551
1.711269
1.728133
1.729400
1.711973
1.718042
1.726923
1.725021
1.726289
1.717641
1.724859
1.705207
1.703392
1.711760
1.710824
1.711663
1.707012
1.737363
1.730213
1.713220
1.709950
1.711578
1.720912
1.728762
1.713179
1.716279
1.716354
1.720705
1.723769
1.714020
1.728040
1.719561
1.731183
1.719648
1.703434
1.725725
1.710260
1.715017
1.709726
1.720258
1.716137
1.719260
1.719388
1.716279
1.710843
1.703387
1.721555
1.726103
1.721156
1.717325
1.697687
1.716032
1.723095
1.729044
1.717716
1.711269
1.724119
1.726784
1.727895
1.724369
1.719701
1.714675
1.715344
1.720156
1.727905
1.725170
1.714182
1.708843
1.709593
1.713662
1.715230
1.710183
1.711101
1.703461
1.713476
1.718465
1.699835
1.707827
1.708258
1.725419
1.713018
1.723292
1.715653
1.719739
1.717263
1.713989
1.713172
1.717400
1.729718
1.717462
1.713246
1.715959
1.718213
1.723126
1.711887
1.709180
1.719731
1.705134
1.713071
1.715029
1.728140
1.705754
1.728019
1.725945
1.718557
1.713645
1.725869
1.723110
1.727666
1.721583
1.721030
1.715302
1.713377
1.726536
1.710315
1.704635
1.713557
1.729022
1.722440
1.726992
1.704234
1.724715
1.723850
1.728784
1.716613
1.719635
1.719454
1.712591
1.727406
1.712366
1.734084
1.728956
1.717562
1.722608
1.732787
1.724389
1.720239
1.709056
1.718854
1.715795
1.717445
1.723837
1.727037
1.730489
1.719848
1.720277
1.719734
1.708999
1.711866
1.727722
1.718702
1.727785
1.718801
1.717938
1.725062
1.721664
1.722405
1.736571
1.715170
1.707616
1.712244
1.714353
1.709962
1.713092
1.712938
1.707001
1.701882
1.706824
1.716467
1.711569
1.732591
1.728749
1.722944
1.719646
1.715299
1.723926
1.716845
1.717222
1.732481
1.735151
1.727643
1.725261
1.721641
1.715950
1.708423
1.725790
1.720117
1.730960
1.720762
1.716435
1.716286
1.699881
1.714383
1.710949
1.733786
1.713346
1.718485
1.708159
1.715343
1.721176
1.716361
1.736751
1.713797
1.703694
1.716753
1.717210
1.706430
1.711264
1.720041
1.724096
1.708079
1.717430
1.724559
1.710041
1.725348
1.729909
1.719005
1.709696
1.713412
1.716215
1.704629
1.710784
1.720466
1.728941
1.698057
1.727184
1.710405
1.708048
1.704455
1.719511
1.714278
1.725555
1.716445
1.731671
1.710266
1.726740
1.720355
1.722491
1.721342
1.719520
1.715828
1.725376
1.717657
1.700370
1.716375
1.710919
1.717677
1.721174
1.712644
1.713520
1.712380
1.706999
1.720462
1.714403
1.729741
1.731283
1.714583
1.719804
1.717026
1.708487
1.720189
1.724843
1.724356
1.706203
1.714052
1.711222
1.728517
1.704417
1.732125
1.709874
1.711241
1.710529
1.721391
1.736126
1.717487
1.712794
1.715064
1.724239
1.713305
1.722866
1.714998
1.712507
1.712859
1.722927
1.712572
1.723635
1.716694
1.719963
1.718168
1.707100
1.719562
1.713658
1.729879
1.710699
1.724183
1.715740
1.729324
1.720947
1.708067
1.725849
1.716257
1.727973
1.718715
1.725860
1.727916
1.729776
1.717197
1.711939
1.712754
1.722193
1.706325
1.711590
1.717836
1.717509
1.720922
1.710736
1.715242
1.721070
1.718199
1.712165
1.705227
1.715872
1.712129
1.716015
1.720316
1.712759
1.716792
1.725447
1.708134
1.722833
1.716431
1.707532
1.720215
1.707879
1.723371
1.727475
1.713230
1.728313
1.708225
1.715104
1.715381
1.725269
1.721826
1.717506
1.725671
1.725612
1.725100
1.731621
1.726802
1.716833
1.719456
1.716173
1.722518
1.722017
1.706629
1.710907
1.725710
1.710270
1.721978
1.725204
1.719202
1.714452
1.728582
1.718928
1.705395
1.717168
1.734676
1.720507
1.722458
1.716558
1.713341
1.727403
1.718954
1.702877
1.708367
1.712000
1.720121
1.720574
1.724048
1.719499
1.710220
1.721435
1.722269
1.713628
1.709711
1.712168
1.729086
1.721090
1.716427
1.714410
1.709588
1.719013
1.720989
1.718317
1.734052
1.694737
1.709704
1.715318
1.725053
1.726245
1.733375
1.710895
1.712723
1.719731
1.714007
1.713739
1.706303
1.717087
1.717641
1.709483
1.720808
1.715899
1.727213
1.706524
1.720328
1.720583
1.704909
1.706654
1.725641
1.727965
1.720626
1.715799
1.716095
1.721980
1.722775
1.718953
1.724527
1.714770
1.709498
1.713025
1.720457
1.712027
1.714304
1.725370
1.707013
1.728214
1.711964
1.715549
1.709199
1.706717
1.722724
1.728349
1.719891
1.711222
1.721408
1.717111
1.702741
1.723008
1.727180
1.717479
1.724987
1.716904
1.718015
1.727938
1.729687
1.719692
1.740067
1.725819
1.716485
1.706783
1.717914
1.707850
1.720497
1.716460
1.726999
1.725127
1.724262
1.720350
1.712152
1.721990
1.723425
1.695418
1.708714
1.711073
1.704222
1.723145
1.712182
1.715369
1.716398
1.712870
1.725777
1.729899
1.742514
1.722051
1.712475
1.730042
1.717621
1.713707
1.714319
1.712691
1.715283
1.723357
1.717086
1.704288
1.701712
1.716919
1.722768
1.710680
1.722346
1.714216
1.715701
1.713879
1.725465
1.712676
1.725458
1.729849
1.720829
1.723735
1.727577
1.731987
1.724383
1.701853
1.718469
1.724694
1.716365
1.725548
1.716729
1.717535
1.703539
1.721065
1.716421
1.717528
1.723310
1.723111
1.718074
1.725679
1.708867
1.705309
1.729977
1.726721
1.714203
1.716028
1.717938
1.705395
1.726722
1.715508
1.710755
1.714246
1.726942
1.725055
1.712281
1.724235
1.709378
1.720274
1.717738
1.721691
1.719072
1.718210
1.709406
1.720211
1.731496
1.724092
1.727000
1.707975
1.720336
1.703076
1.721809
1.712615
1.725113
1.715305
1.734310
1.718094
1.718091
1.721074
1.718654
1.723455
1.716502
1.720731
1.720373
1.715901
1.709412
1.725035
1.717778
1.715691
1.731379
1.726930
1.718591
1.726753
1.725909
1.697779
1.709589
1.714082
1.714888
1.714942
1.727318
1.712187
1.712742
1.709493
1.725533
1.723282
1.704227
1.730607
1.730461
1.723578
1.713891
1.702660
1.704763
1.722571
1.710580
1.727577
1.703876
1.732090
1.724278
1.727193
1.731082
1.723191
1.708759
1.715214
1.733833
1.727080
1.728007
1.699932
1.726320
1.722772
1.712453
1.718023
1.722174
1.715953
1.727919
1.715379
1.718834
1.729532
1.725130
1.719010
1.707727
1.716788
1.716220
1.702218
1.710970
1.727490
1.728549
1.720618
1.715406
1.726317
1.724273
1.720807
1.724687
1.724732
1.718627
1.731476
1.722965
1.708637
1.718157
1.710751
1.728436
1.718404
1.705674
1.713596
1.709237
1.723608
1.717600
1.714735
1.705915
1.725894
1.715187
1.705544
1.702526
1.726800
1.720335
1.722335
1.700737
1.720877
1.719582
1.708488
1.728895
1.724209
1.713279
1.713518
1.722886
1.726225
1.711944
1.736414
1.728908
1.711162
1.719745
1.728432
1.704505
1.716119
1.710910
1.724775
1.721243
1.711470
1.716168
1.725691
1.724703
1.710359
1.731661
1.717834
1.727884
1.713393
1.714331
1.708157
1.711248
1.710828
1.712576
1.714881
1.726234
1.717623
1.721047
1.722488
1.724039
1.722767
1.709080
1.709112
1.708692
1.720436
1.711761
1.720736
1.725752
1.719833
1.722246
1.724135
1.720262
1.725663
1.733919
1.723973
1.715421
1.731294
1.718435
1.714992
1.713064
1.712312
1.716245
1.720512
1.721714
1.714606
1.716683
1.722842
1.714119
1.720006
1.718173
1.708330
1.723519
1.715539
1.716249
1.726592
1.725136
1.711650
1.708485
1.705022
1.719904
1.729339
1.720255
1.713720
1.721172
1.717248
1.718706
1.704217
1.732931
1.700691
1.701265
1.723860
1.723956
1.713308
1.725354
1.725845
1.719361
1.718890
1.703223
1.721965
1.718103
1.727654
1.730328
1.728293
1.732452
1.703383
1.722737
1.715059
1.718313
1.732407
1.727336
1.739019
1.707052
1.719958
1.723931
1.710005
1.716678
1.724601
1.712840
1.727952
1.722806
1.723355
1.712452
1.705356
1.727595
1.712679
1.719841
1.711215
1.721983
1.733122
1.719380
1.711726
1.707623
1.718789
1.724058
1.723683
1.716885
1.718454
1.718921
1.714203
1.721737
1.708693
1.724853
1.713439
1.727886
1.711513
1.708663
1.710993
1.708919
1.701002
1.723842
1.717455
1.724016
1.730147
1.716696
1.703947
1.713395
1.725786
1.719779
1.727351
1.712146
1.720690
1.728721
1.719215
1.709646
1.714790
1.713700
1.728502
1.734145
1.714133
1.712488
1.697476
1.718989
1.730396
1.718082
1.716020
1.710955
1.707931
1.722312
1.732154
1.703916
1.718008
1.721241
1.718929
1.724092
1.719603
1.729930
1.717451
1.717563
1.714579
1.708534
1.714329
1.709824
1.720129
1.721807
1.714317
1.721998
1.718805
1.716909
1.719393
1.721828
1.720827
1.705721
1.723914
1.722458
1.704452
1.737603
1.711907
1.714671
1.721536
1.713575
1.714895
1.718071
1.725377
1.728569
1.712341
1.704420
1.718466
1.722473
1.725943
1.719611
1.714690
1.700734
1.726526
1.721157
1.713003
1.723017
1.706899
1.716453
1.704562
1.722689
1.704392
1.705275
1.711665
1.716968
1.716931
1.704586
1.723786
1.718851
1.707235
1.714627
1.723630
1.728231
1.708460
1.716973
1.718254
1.708398
1.718727
1.725325
1.719813
1.728843
1.702178
1.723516
1.728301
1.714847
1.715116
1.733252
1.732034
1.711963
1.721530
1.710197
1.708265
1.712650
1.726215
1.710765
1.718630
1.715340
1.721929
1.721980
1.723051
1.712124
1.721240
1.717590
1.719606
1.711529
1.705258
1.709602
1.729366
1.732035
1.706360
1.725651
1.722691
1.715308
1.716561
1.722036
1.711373
1.723521
1.712434
1.727346
1.724946
1.713929
1.724524
1.711172
1.725947
1.723034
1.713164
1.739772
1.714668
1.715514
1.708238
1.728442
1.709384
1.717303
1.719500
1.728591
1.720223
1.727980
1.719224
1.708952
1.710646
1.725047
1.719621
1.725340
1.739276
1.716900
1.720218
1.719727
1.717161
1.702702
1.716405
1.738685
1.715547
1.713286
1.719036
1.726702
1.722694
1.726744
1.715861
1.714418
1.720366
1.735077
1.729587
1.719188
1.707984
1.724299
1.709356
1.715986
1.716274
1.715149
1.733444
1.728081
1.723027
1.700581
1.709229
1.715861
1.723298
1.721873
1.719920
1.694942
1.704405
1.713755
1.727781
1.707644
1.712348
1.712649
1.710530
1.712962
1.728564
1.717902
1.720393
1.703815
1.723961
1.715461
1.726219
1.733807
1.721722
1.722119
1.700889
1.729351
1.726691
1.710383
1.741020
1.705079
1.729590
1.724909
1.704561
1.716152
1.734467
1.721759
1.735819
1.713554
1.719650
1.710250
1.718453
1.714186
1.711209
1.730718
1.712576
1.720759
1.708707
1.728373
1.704536
1.707835
1.717850
1.716503
1.716205
1.714464
1.712322
1.724983
1.710192
1.718736
1.721468
1.706830
1.725649
1.718423
1.715934
1.723874
1.726559
1.707128
1.718472
1.712427
1.714922
1.722191
1.737288
1.724220
1.728453
1.707314
1.723597
1.720644
1.708791
1.724929
1.712697
1.725787
1.726431
1.723076
1.720236
1.719092
1.711075
1.714093
1.700281
1.729731
1.722440
1.727328
1.727012
1.716790
1.713008
1.726407
1.722088
1.714447
1.710864
1.717400
1.720046
1.723528
1.720243
1.720533
1.707326
1.721978
1.728620
1.708383
1.716841
1.716212
1.729270
1.724868
1.722153
1.716796
1.713761
1.710665
1.699955
1.713901
1.722900
1.711843
1.719541
1.726250
1.725848
1.716499
1.723356
1.709936
1.708974
1.718922
1.725855
1.714678
1.698236
1.712211
1.716648
1.723274
1.732217
1.698888
1.723480
1.692774
1.710847
1.736098
1.714297
1.710382
1.720911
1.725874
1.720709
1.723337
1.717760
1.707027
1.724839
1.725131
1.705962
1.728315
1.708762
1.727085
1.721327
1.721149
1.719320
1.718774
1.728058
1.720084
1.706985
1.716669
1.717543
1.714082
1.704233
1.707797
1.718936
1.707487
1.722484
1.714500
1.717267
1.714658
1.716327
1.721890
1.721977
1.716746
1.716954
1.723567
1.716360
1.714983
1.715154
1.719689
1.719934
1.731088
1.714856
1.710364
1.727671
1.708435
1.724015
1.732906
1.723427
1.716629
1.723136
1.733774
1.728868
1.709253
1.721625
1.707858
1.711214
1.723669
1.717655
1.718852
1.728852
1.716370
1.720725
1.732937
1.719050
1.720571
1.701095
1.722684
1.734904
1.709603
1.721451
1.712395
1.702213
1.723077
1.721237
1.716790
1.721823
1.712425
1.715152
1.726043
1.715246
1.720500
1.714256
1.724372
1.721711
1.714773
1.722398
1.721583
1.724926
1.706700
1.714317
1.700301
1.716279
1.717514
1.723372
1.706794
1.710787
1.712522
1.722382
1.706850
1.713659
1.718518
1.715352
1.721539
1.716819
1.707756
1.710266
1.720648
1.717558
1.715542
1.728339
1.718207
1.701225
1.718376
1.719659
1.728529
1.720157
1.730188
1.702872
1.716987
1.727277
1.707600
1.719560
1.719532
1.723540
1.715214
1.718716
1.734456
1.715681
1.716847
1.713636
1.717242
1.709978
1.711436
1.716013
1.721253
1.707918
1.717670
1.720499
1.704817
1.715150
1.724966
1.725277
1.711012
1.726152
1.713670
1.716297
1.701774
1.712003
1.726636
1.720068
1.708874
1.727384
1.725816
1.722938
1.723450
1.711609
1.711428
1.729013
1.701493
1.730079
1.741820
1.724496
1.705824
1.729975
1.724798
1.713880
1.718756
1.714333
1.724612
1.720654
1.716331
1.711147
1.730631
1.708672
1.717160
1.725504
1.722329
1.711207
1.737437
1.710347
1.730068
1.715646
1.720580
1.713492
1.728483
1.701855
1.713958
1.727335
1.722655
1.713117
1.722769
1.723128
1.721175
1.711344
1.721450
1.714573
1.719675
1.698013
1.720316
1.712987
1.721703
1.715622
1.714617
1.727835
1.724825
1.716663
1.727203
1.723892
1.711911
1.729840
1.714182
1.702536
1.722612
1.721764
1.710490
1.732416
1.711405
1.711563
1.715144
1.724610
1.712407
1.716140
1.702487
1.714695
1.734065
1.727026
1.713753
1.721189
1.712255
1.728222
1.706740
1.724665
1.718570
1.719159
1.718187
1.717370
1.707901
1.716672
1.706396
1.697968
1.715691
1.730902
1.713675
1.718047
1.717551
1.722967
1.705648
1.717959
1.724535
1.717564
1.719087
1.718861
1.720125
1.724372
1.726415
1.727465
1.722455
1.710598
1.717406
1.725996
1.713345
1.729591
1.733594
1.721353
1.708382
1.718415
1.726170
1.736864
1.724759
1.731552
1.719458
1.707562
1.724438
1.711024
1.694488
1.713704
1.716110
1.713320
1.724839
1.714065
1.708659
1.707033
1.718106
1.719888
1.702344
1.718774
1.712040
1.711973
1.720090
1.718426
1.721469
1.721497
1.714872
1.712834
1.714614
1.722681
1.718350
1.709006
1.719995
1.721939
1.716478
1.722330
1.717767
1.728585
1.706998
1.718570
1.716630
1.719031
1.719518
1.722019
1.722924
1.716516
1.721203
1.722240
1.713647
1.718079
1.717853
1.716441
1.702290
1.722636
1.725483
1.726759
1.716170
1.715325
1.715148
1.712878
1.715524
1.715183
1.710246
1.730136
1.716341
1.732026
1.713099
1.712422
1.714759
1.716470
1.703489
1.707869
1.718838
1.714265
1.722750
1.720326
1.721285
1.713023
1.713808
1.719141
1.724089
1.728907
1.715678
1.726527
1.700318
1.713259
1.718128
1.696813
1.722261
1.721422
1.708858
1.720331
1.717753
1.710549
1.721684
1.725879
1.732160
1.708608
1.713051
1.713582
1.705835
1.716589
1.730463
1.729705
1.718312
1.709691
1.713161
1.707514
1.715233
1.710646
1.714687
1.718954
1.725590
1.717649
1.724820
1.714841
1.731407
1.728822
1.716597
1.729677
1.701945
1.718839
1.723719
1.719253
1.730606
1.721740
1.711929
1.719645
1.701386
1.716114
1.729180
1.713277
1.719171
1.713082
1.711024
1.716362
1.724861
1.709437
1.704789
1.716028
1.725566
1.724665
1.720102
1.723500
1.730577
1.703953
1.708163
1.716069
1.705771
1.712552
1.724541
1.722788
1.717246
1.724316
1.720431
1.714851
1.710061
1.723205
1.730538
1.730538
1.713585
1.712559
1.704982
1.714250
1.717999
1.730298
1.719195
1.724784
1.708744
1.714182
1.711547
1.711067
1.732364
1.710804
1.737226
1.714857
1.704136
1.713115
1.728395
1.714914
1.711055
1.699997
1.723998
1.730448
1.718358
1.713558
1.718647
1.726363
1.732061
1.707253
1.724114
1.719615
1.719974
1.716706
1.726605
1.717645
1.704389
1.710939
1.719665
1.711053
1.724491
1.717752
1.711550
1.715839
1.715645
1.707785
1.732115
1.720670
1.727798
1.724192
1.727762
1.713796
1.727999
1.717598
1.708680
1.721459
1.721270
1.713265
1.722691
1.720780
1.724110
1.717110
1.717160
1.708303
1.711305
1.719107
1.718259
1.712233
1.710806
1.715103
1.731907
1.708093
1.724651
1.721955
1.720108
1.712020
1.722353
1.727138
1.721785
1.718469
1.722295
1.713331
1.721054
1.726717
1.720347
1.724739
